FID,数量,X,Y
0,3,117.211972390000000,34.220294992299998
1,4,117.211936006000002,34.219586232700003
2,3,117.212997990000005,34.220200463200001
3,3,117.213190916000002,34.219695002300000
4,3,117.209348535999993,34.221377409600002
5,4,117.209220697999996,34.221081861099997
6,2,117.209690694000003,34.220868583799998
7,2,117.210144434000000,34.220847198999998
8,2,117.209068471999998,34.220661941300001
9,4,117.210156244999993,34.220469741999999
10,2,117.209493034000005,34.220499499100001
11,3,117.208939560000005,34.220160772000000
12,2,117.209433238000003,34.220081695300003
13,3,117.208639722000001,34.219667066600003
14,4,117.209404672000005,34.219677211899999
15,3,117.208808480000002,34.219170654099997
16,2,117.209481549000003,34.219182863900002
17,3,117.209938699000006,34.219197347200002
18,4,117.210365877000001,34.220091548200003
19,4,117.207252761000007,34.223466941500000
20,3,117.207255888000006,34.222867771200001
21,3,117.207222728000005,34.222459478200001
22,3,117.207290641000000,34.222051015300003
23,4,117.208034404000003,34.221843673000002
24,3,117.208470267999999,34.223468694899999
25,3,117.209532002000003,34.223646253500000
26,4,117.209659215000002,34.223069768199998
27,3,117.209933649999996,34.222205279500002
28,3,117.209840932999995,34.222611496399999
29,4,117.211525440000003,34.223867513199998
30,4,117.211638377000000,34.223558195400003
31,3,117.211747794999994,34.223220260100000
32,4,117.212741815000001,34.223873996000002
33,4,117.207319069999997,34.229916277000001
34,4,117.207646010999994,34.229624013500001
35,4,117.208146990000003,34.229221493899999
36,3,117.135134812000004,34.250730015400002
37,3,117.135440802999995,34.250431774699997
38,3,117.135200691999998,34.250013197800001
39,4,117.136257623999995,34.250760448400001
40,2,117.136298412000002,34.249976910599997
41,3,117.179967199000004,34.224801242900000
42,0,117.122013027999998,34.268482313900002
43,0,117.122927335000000,34.268958440399999
44,0,117.122006139000007,34.269679690899999
45,0,117.189902906000000,34.229042343000003
46,0,117.167978918000003,34.268486350700002
47,0,117.167999710000004,34.267846402000004
48,0,117.169325018999999,34.258721285500002
49,0,117.169086620000002,34.258794887800001
50,0,117.168587001999995,34.258198929000002
51,0,117.149871981000004,34.254667829500001
52,0,117.170909909000002,34.271147099899999
53,0,117.177054206999998,34.270833959000001
54,0,117.173059152999997,34.270918968399997
55,0,117.149405266000002,34.266666902600001
56,0,117.175778566999995,34.267235048899998
57,3,117.135383001999998,34.249493784899997
58,2,117.136538970000004,34.249530132200000
59,3,117.134346731999997,34.249495345000000
60,2,117.134177116000004,34.249040433300003
61,3,117.135362823999998,34.249044854300003
62,4,117.145212131999997,34.261751025400002
63,2,117.136152170000003,34.249061153699998
64,2,117.138192480000001,34.248938656699998
65,3,117.138355601000001,34.249553855700000
66,3,117.137884495999998,34.250304295699998
67,4,117.137243943000001,34.250651346600002
68,3,117.137964404000002,34.250690609300001
69,4,117.140873780000007,34.249770803700002
70,4,117.139970181999999,34.249299494799999
71,3,117.140638820000007,34.249272969400003
72,8,117.141305991999999,34.250431411999998
74,3,117.142523935000000,34.249099056900000
76,3,117.142828191999996,34.249653979599998
77,3,117.143976029000001,34.249678397200000
78,4,117.134583153999998,34.259008087500000
79,3,117.134921525999999,34.258629899200002
80,8,117.134241609000000,34.257617490800001
81,3,117.137695837999999,34.261830701599997
82,4,117.136842294000004,34.261627007100003
83,3,117.137105363000003,34.261085155400004
84,4,117.137118104999999,34.260580549099998
85,3,117.136495913000005,34.260606431200003
86,4,117.137381671000000,34.259686789699998
87,3,117.136502587999999,34.259664872899997
88,3,117.134880609000007,34.259646881599998
89,4,117.134998052000000,34.260558949599996
90,4,117.134282640999999,34.260315538299999
91,3,117.110917314999995,34.248510187699999
92,3,117.110952104999996,34.248209023800001
93,4,117.110957092000007,34.247631798900002
94,0,117.177469991999999,34.269640332199998
95,0,117.176854090999996,34.268399391000003
96,0,117.178730494999996,34.269271267800001
97,0,117.200313324000007,34.237048874199999
98,0,117.200750343999999,34.236092549200002
99,0,117.195234866999996,34.242816533300001
100,0,117.194792441999994,34.244486622700002
101,0,117.191061903999994,34.245171509499997
102,0,117.198165736999997,34.240074434699999
103,0,117.192820464999997,34.240155900600001
104,0,117.153189001000001,34.252080534100003
105,0,117.155513616999997,34.251299323100000
106,0,117.180152723999996,34.214266708899999
107,0,117.150907203000003,34.268840498599999
108,0,117.137466262999993,34.273953667299999
109,0,117.192626777000001,34.243863197099998
110,0,117.193820138999996,34.242442067100001
111,0,117.182590958999995,34.237552305599998
112,0,117.112498535000000,34.248247144099999
113,4,117.110865480000001,34.246491911500001
114,3,117.111061934000006,34.246486009199998
115,3,117.110764411000005,34.246354018300003
116,4,117.111040230000000,34.246363429299997
117,4,117.110855732000005,34.245848390299997
118,4,117.113690476000002,34.248229731199999
119,2,117.113696531000002,34.247605755499997
120,2,117.113989748999998,34.249065230200003
121,4,117.114285514000002,34.248576941000003
122,3,117.115884680999997,34.248053572099998
123,4,117.116113876000000,34.247624017800000
124,4,117.115415001000002,34.249063554199999
125,3,117.115730919000001,34.248509887799997
126,4,117.110794505000001,34.243304356499998
127,4,117.108877848999995,34.243024141699998
128,4,117.108615235000002,34.242499151099999
129,4,117.110664662000005,34.242847944099999
130,4,117.107868615000001,34.241766746000003
131,3,117.107071805000004,34.240787122400000
132,3,117.107045009000004,34.240038189800003
133,2,117.107513014999995,34.239544401800003
134,4,117.109413396999997,34.240702362900002
135,4,117.110007424000003,34.241817359499997
136,4,117.111213917000001,34.241978465400003
137,4,117.188382511000000,34.231805854500003
138,4,117.106632986999998,34.238925257799998
139,2,117.112658428000003,34.243378936100001
140,2,117.113674473000003,34.242978651400001
141,4,117.112803309000000,34.242944393300000
142,3,117.113542464999995,34.242418647000001
143,4,117.115304195999997,34.243298279999998
144,4,117.115479321999999,34.242359773399997
145,4,117.116665709000003,34.243347565800001
146,4,117.115357180999993,34.241409143799999
147,0,117.113233987000001,34.248351416299997
148,0,117.113020478999999,34.247636051400001
149,0,117.112382862000004,34.247660489300003
150,0,117.113193512999999,34.248155867299999
151,0,117.172561737999999,34.271381069400000
152,0,117.147491158999998,34.261148722199998
153,0,117.145129773999997,34.256877847900000
154,0,117.189283145999994,34.221115902800001
155,0,117.187976769000002,34.220583279200000
156,0,117.151059122999996,34.261964519099998
157,0,117.121318419000005,34.268593210600002
158,0,117.187249613000006,34.229222697099999
159,0,117.158612059999996,34.260997204900001
160,0,117.156915569999995,34.256952055600003
161,0,117.166828667000004,34.264486212800001
162,0,117.167207090000005,34.263000433800002
163,0,117.168342998000000,34.260881596899999
164,0,117.161917489999993,34.266309529300003
165,0,117.163291178999998,34.256023925400001
166,0,117.152934948999999,34.262046014600003
167,0,117.167252875000003,34.269696271900003
168,0,117.157144801000001,34.263069633199997
169,0,117.158928416999998,34.256952379799998
170,0,117.169823749000003,34.256320621199997
171,0,117.168878493999998,34.256755002900000
172,0,117.169910329999993,34.257874502100002
173,0,117.168869897999997,34.257890461099997
174,0,117.169189385999999,34.258070677699997
175,0,117.168594511999999,34.258738528199999
176,0,117.167973247999996,34.259032865400002
177,0,117.168862543000003,34.263238527200002
178,4,117.117717158999994,34.243114169000002
179,4,117.119021212999996,34.243186851499999
180,4,117.119117923999994,34.242518899600000
181,4,117.117210295000007,34.242447272500002
182,4,117.117657589000004,34.241585307000001
183,4,117.118257778000000,34.241529870000001
184,4,117.118944185000004,34.241514894799998
185,3,117.117198072999997,34.241378245500002
186,4,117.112885001999999,34.241284677499998
187,4,117.113556141000004,34.240594255300003
188,2,117.115018096000000,34.238030571300001
189,4,117.113417842999993,34.237179110000000
190,2,117.116468115000004,34.240638321299997
191,4,117.117821169999999,34.240453844800001
192,3,117.116093215000006,34.239947152500001
193,3,117.117432196999999,34.239666807799999
194,2,117.116119108999996,34.239248261699998
195,3,117.116440029000003,34.238777155900003
196,3,117.117531493000001,34.238922725599998
197,3,117.118387337000001,34.238914747099997
198,8,117.118515248999998,34.240016590700002
199,3,117.118835317999995,34.240922661299997
200,4,117.113980143999996,34.240934426000003
201,2,117.115430867000001,34.240161668399999
202,3,117.113294549000003,34.239956713700003
203,3,117.113512563000000,34.239121210699999
204,3,117.115432573000007,34.238781135700002
205,3,117.113672504999997,34.238385022099997
206,4,117.187161298000007,34.230979932600000
207,4,117.105124150999998,34.268513235999997
208,4,117.104157189999995,34.268587048100002
209,4,117.103410810000000,34.268609147299998
210,4,117.103379742000001,34.267677275799997
211,4,117.104368105000006,34.267725334200001
212,4,117.105484739999994,34.267422650900002
213,4,117.105758105999996,34.266851398100002
214,4,117.104370364000005,34.266801375699998
215,4,117.103362266999994,34.266583745399998
216,4,117.103710129999996,34.265840699999998
217,4,117.104118088999996,34.265845123900000
218,4,117.105195391999999,34.265813197299998
219,4,117.109066831000007,34.268147923400001
220,4,117.108102150999997,34.268203358800001
221,4,117.107343802000003,34.268298479999999
222,4,117.107847100000001,34.267808595100000
223,4,117.107849416999997,34.267148193899999
224,4,117.107749398999999,34.266666948500003
225,4,117.108174677999997,34.264666712100002
226,0,117.154227864999996,34.264573936100000
227,0,117.171680038000005,34.271353013700001
228,0,117.173049000000006,34.271197955100000
229,0,117.174465232000003,34.268989707300001
230,0,117.174173752000002,34.262550704799999
231,0,117.179296499000003,34.256464572299997
232,0,117.173942767000000,34.261728175099996
233,0,117.105439235999995,34.352723598700003
234,0,117.170285942000007,34.270174891099998
235,0,117.171008264999998,34.270422283700000
236,0,117.173877325999996,34.271465444699999
237,0,117.176665501000002,34.272059233500002
238,0,117.174456966999998,34.269562610700000
239,0,117.171508877999997,34.268092674499997
240,4,117.109724584000006,34.263139892200002
241,4,117.108049429000005,34.263324907799998
242,4,117.107251146999999,34.264516302099999
243,4,117.107009059999996,34.263911149300000
244,4,117.109810124000006,34.263749234899997
245,4,117.110059692999997,34.264569520099997
246,4,117.110727530000005,34.264489013999999
247,4,117.110602252999996,34.263156992600003
248,4,117.117032336999998,34.268560207900002
249,4,117.117504073000006,34.269998866999998
250,4,117.117673844999999,34.271148727800004
251,4,117.195298629000007,34.216363389999998
252,4,117.196609875999997,34.216468630100003
253,4,117.195090945000004,34.217443508000002
254,4,117.195798828999997,34.217821473999997
255,4,117.195821738999996,34.218692325299997
256,4,117.196663598000001,34.216979545199997
257,4,117.195748140000006,34.219479237900003
258,4,117.198299679000002,34.218236401799999
259,4,117.198146390000005,34.217516313600001
260,4,117.197505605000003,34.216566718999999
261,4,117.199013519000005,34.217102203300001
262,4,117.199308174999999,34.218837207900002
263,4,117.187761350000002,34.231121919499998
264,4,117.188397257999995,34.230911999999996
265,4,117.188854630999998,34.231410854799996
266,4,117.190428768999993,34.231070855500001
267,4,117.192448635999995,34.230021253399997
268,4,117.198726702000002,34.228252555799997
269,4,117.198680299000003,34.227568552599998
270,4,117.198459897999996,34.226872124400003
271,4,117.199435930000007,34.227418927199999
272,4,117.200872783999998,34.230513653899997
273,4,117.200947103999994,34.230041558700002
274,4,117.201004562999998,34.231599762199998
275,4,117.200161476000005,34.231840151100002
276,0,117.173095273000001,34.261810113199999
277,0,117.176373893000005,34.250220948500001
278,0,117.176588707999997,34.262788756200003
279,0,117.175207061999998,34.262177132700003
280,0,117.176102614000001,34.263323936900001
281,0,117.175129256999995,34.264040766400001
282,0,117.175552225999994,34.264020369100002
283,0,117.174170653999994,34.264289260699996
284,0,117.174253567999997,34.264014647000003
285,0,117.173879329000002,34.263409380100001
286,0,117.173697785000002,34.263089926399999
287,0,117.173565428000003,34.263402306600000
288,0,117.174441576000007,34.262585480299997
289,0,117.174199893999997,34.261284213099998
290,0,117.174300814000006,34.261663548800001
291,0,117.173969353000004,34.261047156200000
292,0,117.174835711000000,34.261412533900000
293,0,117.175172071999995,34.261385309200001
294,0,117.109091251999999,34.342024833399996
295,0,117.174464643999997,34.263775475999999
296,0,117.179371306999997,34.257273424700003
297,0,117.175556838000006,34.262491953100003
298,0,117.172903098000006,34.270217043300001
299,0,117.176784901000005,34.265721259199999
300,0,117.176598979000005,34.267075269400003
301,0,117.176753148000003,34.266877645999998
302,0,117.177975060999998,34.267128289699997
303,0,117.178610234000004,34.267371710200003
304,0,117.171937060999994,34.266389768499998
305,0,117.176965456999994,34.264547110000002
306,0,117.177728254000002,34.263037843600003
307,0,117.179329543999998,34.257944440899998
308,0,117.173556242999993,34.266381528499998
309,0,117.171632927000005,34.266775690999999
310,0,117.174967362000004,34.267654667000002
311,0,117.173880073999996,34.267976668800003
312,4,117.200322290000003,34.231292662000001
313,4,117.199110185999999,34.231214135199998
314,4,117.198276391999997,34.230740078200000
315,4,117.196775895000002,34.231282164500001
316,4,117.196179306000005,34.231081657799997
317,4,117.195411010000001,34.230962149000000
318,4,117.195572732000002,34.230359863600000
319,4,117.196689750000004,34.233255669300000
320,4,117.197224640000002,34.232276933199998
321,4,117.198790919000004,34.232418892100000
322,4,117.199933283999997,34.232772431299999
323,4,117.200533375000006,34.233559425599999
324,4,117.200681556000006,34.232987676900002
325,4,117.198924786999996,34.233039624800000
326,4,117.197664266000004,34.233737906700000
327,4,117.201412755000007,34.234956667900001
328,0,117.201864517999994,34.233641197700003
329,0,117.202256219999995,34.233155877900003
330,0,117.186847889999996,34.213557442999999
331,0,117.186798765000006,34.213209269099998
332,4,117.205573436999998,34.231186774900003
333,4,117.206077144999995,34.230717950699997
334,4,117.206560146000001,34.230239141799998
335,0,117.124288410999995,34.269760481900001
336,4,117.197261717999993,34.214071432499999
337,0,117.133393249999997,34.257593276100003
338,0,117.122469092000003,34.237992018699998
339,4,117.196794987000004,34.233796036800001
340,4,117.196553097999995,34.234502446699999
341,4,117.197782086000004,34.234984133399998
342,4,117.198819060999995,34.235694441500002
343,4,117.198252171999997,34.234478266700002
344,4,117.199285106000005,34.234888232000003
345,4,117.199745945999993,34.235274581299997
346,4,117.196731248000006,34.236584399199998
347,4,117.195582247999994,34.235985999599997
348,4,117.195944972000007,34.235041524899998
349,4,117.196499052999997,34.235769009899997
350,0,117.179252810999998,34.269214171800002
351,0,117.195349295000000,34.238783727100000
352,0,117.161099378000003,34.254793461200002
353,0,117.157303650000003,34.254345542000003
354,0,117.157066756000006,34.254096638900002
355,0,117.153385877000005,34.251691598400001
356,0,117.154628645000003,34.251670191700001
357,4,117.197517224999999,34.236227011899999
358,4,117.197287920999997,34.236917198400000
359,4,117.198346215000001,34.237169707100001
360,4,117.187085342000003,34.202978676900003
361,4,117.191025031999999,34.202593609600001
362,7,117.191495017999998,34.202168228100000
363,2,117.192091372999997,34.202741966600001
364,3,117.193015540999994,34.202646061400003
365,6,117.192651596999994,34.202193083700003
366,5,117.193490057999995,34.202030642600000
367,4,117.194027828000003,34.202441481999998
368,4,117.192015282000000,34.200931125200000
369,4,117.192768716000003,34.200482750100001
370,4,117.189811191000004,34.215029074299999
371,4,117.189235001000000,34.214428174200002
372,4,117.195934679999993,34.209306915699997
373,4,117.195025545999997,34.208792561300001
374,4,117.194177526000004,34.209885144499999
375,4,117.194857150000004,34.210471427300000
376,4,117.193738292999996,34.210839926399998
377,4,117.193752129999993,34.212181590900002
378,4,117.194763175999995,34.211741705599998
379,4,117.195412120000000,34.211466372799997
380,4,117.196147869000001,34.211483087799998
381,4,117.196077501000005,34.212091431200001
382,4,117.191547392000004,34.210523201900003
383,4,117.192516334000004,34.210509759099999
384,4,117.191545386000001,34.209953732899997
385,4,117.192754088000001,34.209326316700000
386,4,117.191581434000000,34.208755700300003
387,4,117.192757067000002,34.208743125300003
388,4,117.190037695000001,34.209557547999999
389,4,117.189506867999995,34.209053895099998
390,4,117.190652369000006,34.209044964800000
391,4,117.190650005999998,34.209907821700000
392,4,117.189789508999993,34.210266939199997
393,4,117.188918184000002,34.210602214700003
394,4,117.190666422000007,34.210823124599997
395,4,117.189142707000002,34.211505271100002
396,4,117.189797134000003,34.212067767900002
397,4,117.189151816000006,34.212369898500000
398,4,117.191081887999999,34.211725282700002
399,4,117.192881268999997,34.212643161099997
400,4,117.192856730000003,34.211953871799999
401,4,117.191743990000006,34.211232895000002
402,4,117.188728341000001,34.223486520599998
403,4,117.188671916999994,34.222649397399998
404,4,117.188610222999998,34.222024565700004
405,3,117.186715430999996,34.221241109099999
406,3,117.187093034000000,34.221637432999998
407,3,117.186888061000005,34.222958200299999
408,3,117.187292300999999,34.222930869599999
409,3,117.186951360999998,34.223536280499999
410,4,117.188819076000001,34.220420229799998
411,4,117.188294845000001,34.220068977700002
412,4,117.188868482999993,34.219785686300000
413,4,117.185782634999995,34.223435358099998
414,4,117.184442017999999,34.222891135899999
415,4,117.185020128999994,34.222158849099998
416,3,117.185758222000004,34.221567392700003
417,4,117.184924566999996,34.221133350300001
418,4,117.183342905000003,34.223008715500001
419,3,117.183462280000001,34.222443240799997
420,4,117.182503697000001,34.222664110600000
421,3,117.182025268000004,34.222642460899998
422,4,117.180211340000000,34.222880595399999
423,4,117.180213667999993,34.222625374600000
424,4,117.178205919000007,34.223007461800002
425,4,117.180599684000001,34.219655371800002
426,4,117.180515009000004,34.220342438300001
427,0,117.164576980999996,34.255530247999999
428,0,117.178819770999993,34.236512636900002
429,0,117.178163921000007,34.236406231600000
430,0,117.146049985000005,34.277396057399997
431,0,117.145978760999995,34.275163113799998
432,0,117.165149224999993,34.255521160400001
433,0,117.175583130999996,34.268052783300000
434,0,117.094942076999999,34.350306295499998
435,0,117.095174127000007,34.349519009399998
436,0,117.096564137000001,34.350405203800001
437,0,117.096692833000006,34.349782573100001
438,0,117.156585961000005,34.258672130999997
439,0,117.167266440999995,34.268977578099999
440,0,117.110268609000002,34.325604106599997
441,0,117.110514430999999,34.325041353400003
442,0,117.110751578999995,34.324580886200003
443,0,117.111129536000007,34.324061845899998
444,0,117.111966422999998,34.324331390600001
445,2,117.176342339000001,34.218198584299998
446,4,117.176051036000004,34.217571690200003
447,4,117.177255580999997,34.216909250299999
448,2,117.176473604999998,34.216430948800003
449,4,117.180286394000007,34.215894092399999
450,4,117.178459867000001,34.216027951299999
451,4,117.180363146999994,34.216543951299997
452,4,117.179089591999997,34.216901096000001
453,4,117.178659745999994,34.217299577299997
454,4,117.179286473000005,34.218418879900000
455,4,117.181020817000004,34.218304572800001
456,4,117.182005071999995,34.217670318099998
457,4,117.182004934000005,34.216938057100002
458,4,117.183205767000004,34.217239191399997
459,4,117.182805998000006,34.217928519399997
460,4,117.183579554000005,34.218473578599998
461,4,117.184380524000005,34.218417517399999
462,4,117.186214312000004,34.217975867299998
463,4,117.186243886000000,34.217062283600001
464,4,117.184992066999996,34.217083260099997
465,4,117.188778814000003,34.217156699299998
466,4,117.188790358000006,34.218985665600002
467,4,117.187761144999996,34.218925706699999
468,0,117.111641332000005,34.324872302199999
469,0,117.111430635000005,34.325354663799999
470,0,117.111809425000004,34.325463902899997
471,0,117.111607629000005,34.326019312800000
472,0,117.110929335999998,34.325829983100000
473,0,117.112566091000005,34.324995651199998
474,0,117.113738622000000,34.326017352299999
475,0,117.114073427999998,34.326155846699997
476,0,117.113774762000006,34.326696739100001
477,0,117.113351953999995,34.326602158199996
478,0,117.175631381000002,34.260765803399998
479,0,117.186267904000005,34.243160371999998
480,4,117.165302373000003,34.250963991600003
481,2,117.184055693999994,34.220434963899997
482,4,117.183994541999994,34.219778644000002
483,4,117.185344889000007,34.220281799900000
484,2,117.186723138000005,34.220279709300002
485,2,117.186360678000000,34.219976146000000
486,4,117.185450848000002,34.219498096300001
487,2,117.185971695000006,34.219361350100002
488,4,117.185699741999997,34.219082691899999
489,2,117.185325020999997,34.219076103500001
490,4,117.189200053999997,34.220058954599999
491,4,117.116249769000007,34.246761598100001
492,3,117.116340918000006,34.246208143700002
493,4,117.116211170000000,34.245845714600001
494,4,117.117902134000005,34.245285961500002
495,4,117.118812446000007,34.245158666999998
496,4,117.118823251999999,34.244672074000000
497,1,117.117447502999994,34.244694865900001
498,2,117.118360444999993,34.244398222000001
499,4,117.115520891000003,34.265786621700002
500,4,117.115835126999997,34.264346169699998
501,4,117.114200601999997,34.263867632100002
502,4,117.115207479999995,34.262775460100002
503,4,117.113578888999996,34.262991647699998
504,4,117.113539048999996,34.262204567600001
505,4,117.113830332000006,34.260912710699998
506,4,117.115458859000000,34.260678629700003
507,4,117.115494421999998,34.261476446499998
508,4,117.118692502000002,34.263674952899997
509,4,117.116983442999995,34.263876356600001
510,4,117.117717186999997,34.263158896900002
511,4,117.117059307000005,34.262637764200001
512,4,117.117047795000005,34.262104085600001
513,4,117.118549060999996,34.262272588499997
514,4,117.117277028999993,34.261680493400000
515,4,117.118612920000004,34.261717967599999
516,4,117.117708972000003,34.261128749299999
517,4,117.118699969000005,34.261056237699997
518,4,117.118770916000003,34.260436016299998
519,4,117.119919998000000,34.260428935100002
520,4,117.119849025999997,34.261025304599997
521,4,117.119728015999996,34.261788688300001
522,4,117.119570855999996,34.262385141700001
523,4,117.120683322000005,34.261865269799998
524,4,117.121494921999997,34.261894283099998
525,4,117.120753879999995,34.260982675699999
526,4,117.121773652000002,34.260945888400002
527,4,117.120760251999997,34.260416183399997
528,4,117.121693887000006,34.260415260099997
529,4,117.122505490999998,34.260456192500001
530,4,117.122549370000002,34.260998782999998
531,4,117.122543104000002,34.261630867699999
532,4,117.122464829999998,34.262131838300000
533,4,117.122444052000006,34.262662566499998
534,4,117.122408988999993,34.263246976399998
535,4,117.121539678000005,34.263051062000002
536,4,117.120397761000007,34.263070078200002
537,4,117.119428236000005,34.263106804200000
538,4,117.119457994000001,34.263834261900001
539,4,117.119544946000005,34.264376810300000
540,4,117.120284663999996,34.264346271599997
541,4,117.121606135999997,34.264315152599998
542,4,117.122403327000001,34.264296470799998
543,4,117.122388203000000,34.263771741100001
544,4,117.117944698000002,34.254127137499999
545,4,117.116577766999995,34.256072864600000
546,4,117.116561684000004,34.256074787499998
547,4,117.116253862999997,34.251548216899998
548,4,117.117654517000005,34.251797327299997
549,2,117.117347799000001,34.251218015900001
550,4,117.128203009000003,34.266128977800001
551,4,117.131693362999997,34.257277052200003
552,4,117.131801447000001,34.256771510599997
553,4,117.131287341000004,34.252793725300002
554,4,117.148890249999994,34.262610111999997
555,4,117.149694703999998,34.262649680400003
556,4,117.146817941999998,34.261710949700003
557,4,117.145070282000006,34.261119115100001
558,4,117.145992571999997,34.261199117399997
559,4,117.147161883999999,34.261257349300003
560,4,117.145777242999998,34.260642750300001
561,4,117.146674857999997,34.260659806699998
562,4,117.147332994999999,34.260821211100001
563,4,117.148752361999996,34.261279999599999
564,2,117.151722276000001,34.260660033999997
565,2,117.151214566999997,34.261087612399997
566,2,117.151620598999997,34.261630936600000
567,2,117.151551127000005,34.261337642800001
568,2,117.150533999000004,34.260069135099997
569,4,117.151339906000004,34.259910838700002
570,2,117.151286253999999,34.259288168700003
571,4,117.150069529000007,34.259208487700000
572,2,117.151799099000002,34.258516590399999
573,4,117.149499437000003,34.258234587499999
574,2,117.151031716000006,34.256580118800002
575,4,117.151428256000003,34.256187275800002
576,4,117.150616002000007,34.255937959000001
577,4,117.150557759999998,34.255897481500000
578,4,117.147674683999995,34.257002909699999
579,4,117.147647539000005,34.256263529300000
580,4,117.148337674000004,34.256670566499999
581,4,117.148782500999999,34.256429121600000
582,4,117.147607476000005,34.257732631499998
583,4,117.146763444000001,34.258198536400002
584,4,117.147700518999997,34.258125853999999
585,4,117.149211977999997,34.258822844000001
586,4,117.147720694000000,34.258612366800001
587,4,117.146781676000003,34.258644860499999
588,2,117.147034441000002,34.259948467500003
589,2,117.147694356000002,34.259814580600001
590,3,117.147752613999998,34.259289074000002
591,4,117.148638293999994,34.259753105500003
592,4,117.149182538000005,34.259420285099999
593,4,117.146448464000002,34.259870465100001
594,4,117.145393038999998,34.259767881400002
595,4,117.145905028000001,34.259810206600001
596,4,117.144926618000000,34.258378522199997
597,4,117.145312462999996,34.257792577700002
598,2,117.145792404999995,34.256890041299997
599,2,117.145788323000005,34.256522248099998
600,4,117.146442235999999,34.257111051000003
601,4,117.146406107999994,34.256154627800001
602,2,117.146116706000001,34.255966537699997
603,2,117.146729562999994,34.256652522099998
604,4,117.143493785000004,34.258202031499998
605,2,117.144172893999993,34.257603949999996
606,4,117.143563229999998,34.257629503499999
607,4,117.142842012000003,34.258580610800003
608,2,117.142271024999999,34.258638997399999
609,4,117.142021697000004,34.258137916199999
610,2,117.141062800000000,34.257789830299998
611,2,117.141666876000002,34.257525997999998
612,4,117.142309255000001,34.257220424200000
613,4,117.142161364000003,34.256394838600002
614,4,117.140695754999996,34.256041610899999
615,2,117.141273792999996,34.256430211599998
616,2,117.141712486000003,34.256973531400000
617,4,117.187936213000000,34.229434242000004
618,4,117.126753339000004,34.294180795999999
619,4,117.126269889000000,34.295195001200000
620,4,117.116259212000003,34.294287279000002
621,4,117.116140385999998,34.293144408499998
622,4,117.116822950000000,34.292956760400003
623,4,117.116224517999996,34.292384073599997
624,4,117.116932797999993,34.291884894200003
625,4,117.114568050000003,34.292418071900002
626,4,117.112349879000007,34.292594244699998
627,4,117.113939485000003,34.293586924600000
628,4,117.126764965999996,34.289130834500000
629,4,117.126943307999994,34.288573258100001
630,4,117.126022544999998,34.296031264200003
631,4,117.127687077000004,34.296375393500000
632,4,117.127857947999999,34.295342428700003
633,4,117.128029689000002,34.294884293000003
634,4,117.148399209000004,34.275080764899997
635,4,117.140572626999997,34.273668128799997
636,4,117.142481019000002,34.273950771499997
637,4,117.141646725000001,34.273997534300001
638,4,117.141709380999998,34.274352379299998
639,4,117.143437187999993,34.274620061699999
640,4,117.134431684999996,34.273776474999998
641,4,117.191513298000004,34.243686666599999
642,4,117.167456399000002,34.219825964100004
643,3,117.190693220000000,34.243742723200000
644,4,117.191389904000005,34.242530398000000
645,4,117.192280858999993,34.242288574699998
646,3,117.191246370000002,34.241495442000002
647,4,117.192170266999995,34.241907830899997
648,4,117.193180020000000,34.242176439799998
649,4,117.166511055000001,34.258029440000001
650,4,117.216038389999994,34.208541770799997
651,4,117.165843769000006,34.253291177999998
652,4,117.166153652000006,34.253115843600000
653,4,117.168786267000002,34.253253346100003
654,4,117.168196127000002,34.253558770700003
655,2,117.168251158999993,34.254195197500003
656,4,117.167495035000002,34.254174742300002
657,3,117.168271102000006,34.254806936400001
658,3,117.170394659999999,34.252919146499998
659,4,117.168459611000003,34.252975045800000
660,4,117.164727120999999,34.252382459899998
661,4,117.165556271000000,34.252721288600000
662,3,117.163488278000003,34.252473646399999
663,4,117.162051542000000,34.250973645999998
664,3,117.162328079999995,34.251422548199997
665,4,117.162209344000004,34.251840522999998
666,4,117.162227109000000,34.252458671200003
667,4,117.163649747999997,34.251564043700000
668,4,117.163769106000004,34.253108428200001
669,4,117.164165048000001,34.255373912700001
670,4,117.163879316999996,34.253759447999997
671,5,117.164783725000007,34.255262747200000
672,1,117.162042662999994,34.254898648999998
673,4,117.162154020000003,34.255506824299999
674,4,117.161601286999996,34.253966489800000
675,4,117.161841084000002,34.253186307500002
676,4,117.162169187999993,34.253101723999997
677,4,117.161304857000005,34.251176103699997
678,3,117.160916876000002,34.251897550099997
679,3,117.161095325999995,34.252193804100003
680,4,117.161210940000004,34.252449346100001
681,4,117.159997493000006,34.252495408300000
682,4,117.159767298999995,34.251717686799999
683,4,117.160630327000007,34.251011396800003
684,2,117.159803053000005,34.250908546600002
685,2,117.160510920999997,34.254032264499997
686,4,117.160941605999994,34.253503748800000
687,4,117.159727932999999,34.253377838900001
688,2,117.156366121000005,34.251309374900003
689,2,117.157201322999995,34.251257205599998
690,2,117.157978209000007,34.251234072599999
691,3,117.158724520999996,34.251204104899998
692,3,117.158916083999998,34.251648458699997
693,5,117.159150201000003,34.252205004399997
694,3,117.158344700000001,34.252291533399998
695,3,117.156874307999999,34.252516202499997
696,3,117.156428095999999,34.252296188199999
697,0,117.146359000000004,34.273879896200000
698,0,117.137499042000002,34.273536617500000
699,3,117.156399765000003,34.251764323600000
700,6,117.193986013000000,34.241833800400002
701,7,117.194462401999999,34.242069276800002
702,3,117.195165709999998,34.243791440999999
703,3,117.157890648999995,34.255187682900001
704,2,117.157866786000000,34.254840014300001
705,5,117.158153751000000,34.254169990400001
706,3,117.158128227999995,34.253615564800000
707,3,117.158467557999998,34.253693552900003
708,2,117.158434565999997,34.253286631999998
709,4,117.157313733999999,34.253613200600000
710,4,117.157311024999998,34.254826825899997
711,4,117.156252553000002,34.254700020700000
712,4,117.156592830999998,34.254295934200002
713,5,117.152588828000006,34.254453996499997
714,3,117.153574081000002,34.254801502299998
715,2,117.153421166000001,34.253945376700003
716,4,117.155114693000002,34.253841229899997
717,4,117.154274666999996,34.254692037799998
718,3,117.154238953000004,34.254260418299999
719,4,117.154874624000001,34.254731824099999
720,4,117.155523435999996,34.254207087700003
721,3,117.152606649999996,34.253411896400003
722,2,117.152182690000004,34.252949139099997
723,3,117.153418532000003,34.253261127099996
724,2,117.153377437000003,34.252902443899998
725,2,117.153165557999998,34.252554815400003
726,2,117.154231456999995,34.253161909200003
727,2,117.154117138999993,34.252851022599998
728,3,117.155329784000003,34.252921521399998
729,2,117.155257547999994,34.252276144900001
730,3,117.155257211000006,34.251936730499999
731,2,117.154868070999996,34.252134718199997
732,3,117.154454891000000,34.252004530199997
733,2,117.153030896000004,34.251231630600003
734,3,117.152281211000002,34.251457441600003
735,3,117.152325898000001,34.251771851199997
736,3,117.152437281000005,34.252133908300003
737,4,117.171633623999995,34.215412923800002
738,4,117.172586526000003,34.214737657299999
739,4,117.170685720999998,34.214636488899998
740,1,117.171977984999998,34.214151420400000
741,1,117.172056638000001,34.213587253400000
742,4,117.171000176000007,34.213417472200000
743,4,117.173360505999995,34.214691527900001
744,4,117.173524080000007,34.214312125500001
745,4,117.175309959000003,34.214043481799997
746,4,117.173474365999994,34.213183189100000
747,1,117.175304525000001,34.213378656200000
748,4,117.178546163999997,34.214814250800003
749,4,117.177992039000003,34.213141778999997
750,4,117.178964755999999,34.213054906099998
751,4,117.180331664999997,34.213606949599999
752,4,117.179753167000001,34.213050580000001
753,8,117.180439526000001,34.210308720199997
754,2,117.180694282000005,34.209521645999999
755,2,117.179330574000005,34.209867953100002
756,4,117.171529211000006,34.212452442100002
757,4,117.171337851000004,34.210184767800001
758,4,117.172877725000006,34.211965915000000
759,4,117.172614078999999,34.212623392200001
760,4,117.173310207000000,34.210870073899997
761,4,117.174169633999995,34.212431204200001
762,4,117.174892420000006,34.211234517299999
763,4,117.176679351999994,34.210839665700000
764,4,117.175601135999997,34.238269458100000
765,4,117.172988775999997,34.235323929000003
766,4,117.174732527000003,34.235711393800003
767,4,117.177453297000000,34.236704328099997
768,4,117.178213868000000,34.237347285399998
769,4,117.179458116000006,34.236728250600002
770,4,117.181194649999995,34.237468145299999
771,4,117.183024536000005,34.238526582299997
772,4,117.182724344999997,34.238893398199998
773,4,117.184315389999995,34.239502857500000
774,4,117.184075438999997,34.241302105499997
775,4,117.186333579999996,34.240927365600001
776,4,117.186820456999996,34.243687363100001
777,4,117.177388106999999,34.236055299199997
778,4,117.178883330000005,34.235526981200003
779,4,117.180813822999994,34.235089122500000
780,4,117.181531691000004,34.237195133100002
781,4,117.187053879999993,34.239403405300003
782,4,117.185887565000002,34.239142030099998
783,4,117.183579675000004,34.236592761300003
784,4,117.183370191999998,34.238017511099997
785,4,117.150229039999999,34.267536791799998
786,4,117.149325680999993,34.268053566399999
787,4,117.163036863000002,34.263607578799999
788,4,117.164421953000002,34.263869862000000
789,2,117.165081458000003,34.263819362900001
790,4,117.163421794000001,34.262779590100003
791,4,117.163733596000000,34.262388000700000
792,2,117.164033387999993,34.262914252900003
793,3,117.164618243000007,34.262299041299997
794,3,117.165070936999996,34.262269810100001
795,2,117.164947722999997,34.262726026000003
796,4,117.165864713000005,34.261848828399998
797,2,117.166404724000003,34.262980398400003
798,2,117.165646778999999,34.263224143400002
799,4,117.165728580999996,34.263874526300000
800,4,117.166850804000006,34.263455116700001
801,4,117.167429768000005,34.264050817799998
802,3,117.167079337999994,34.263963139099999
803,2,117.166857062000005,34.260397134199998
804,4,117.166045617999998,34.260536386900000
805,4,117.166471567000002,34.260701437500003
806,2,117.167022019000001,34.261114988999999
807,4,117.165617204000000,34.261551650199998
808,4,117.168430823999998,34.261204885399998
809,4,117.168111323999995,34.261757163799999
810,4,117.168501974999998,34.261158418500003
811,4,117.162281077000003,34.261531409600003
812,4,117.161395107999994,34.260656116800000
813,4,117.162386251000001,34.260024732799998
814,4,117.162930153000005,34.261249162500000
815,4,117.163050401999996,34.260681134099997
816,4,117.163869990999999,34.260828495200002
817,4,117.163748463999994,34.260283840299998
818,4,117.163731393999996,34.260013667099997
819,4,117.163903797000003,34.260034044800001
820,4,117.165091168999993,34.260004090400002
821,4,117.165066307999993,34.260218791600003
822,4,117.162301655999997,34.258660559600003
823,4,117.162283525000007,34.259271843699999
824,4,117.162494064000001,34.257726742999999
825,3,117.163843333000003,34.257753111500001
826,4,117.163699875999995,34.258436577200001
827,4,117.162909779000003,34.258435339999998
828,4,117.162553336000002,34.255924825000001
829,3,117.161694488999998,34.255985589200002
830,4,117.161566191000006,34.256191839499998
831,4,117.161749439000005,34.257080420500003
832,3,117.162111574999997,34.257776802700000
833,4,117.163313187000000,34.257380370400000
834,3,117.164538515999993,34.258066531499999
835,4,117.165145089000006,34.258000456799998
836,3,117.164536401000007,34.257688718099999
837,4,117.164476759999999,34.259229836300001
838,4,117.165333398000001,34.259172393000000
839,4,117.165886202999999,34.259517023800001
840,4,117.163815783999993,34.256297343100002
841,3,117.163869347000002,34.256661730399998
842,2,117.163659695999996,34.256984108200001
843,3,117.164488449999993,34.256603083999998
844,2,117.165264269000005,34.256597460999998
845,4,117.169898992000000,34.260255341200001
846,4,117.169675265999999,34.259227607200003
847,4,117.169378601999995,34.260312606600003
848,4,117.168232093000000,34.259682600399998
849,4,117.167655217999993,34.259054551600002
850,4,117.167648460999999,34.258803419700001
851,4,117.168779174999997,34.256282202599998
852,4,117.169545192000001,34.256088420899999
853,4,117.169720549999994,34.258361991599998
854,4,117.170058824999998,34.257901274300004
855,4,117.169124771000000,34.258194705800001
856,4,117.168957402999993,34.257395951500001
857,4,117.168429927000005,34.256972607400002
858,4,117.170156456000001,34.257006859699999
859,4,117.179150581000002,34.212524422199998
860,4,117.177700443000006,34.212445815999999
861,4,117.179889943999996,34.211212142999997
862,4,117.179872369999998,34.210723981100003
863,4,117.181598292999993,34.214365694700000
864,4,117.182507928999996,34.214390677300003
865,4,117.183373966000005,34.214391675400002
866,4,117.182040979000007,34.213735799100000
867,4,117.182783795999995,34.213733549499999
868,4,117.182459821999998,34.213043424699997
869,4,117.182929231000003,34.213114854399997
870,4,117.185285948000001,34.213162112900001
871,4,117.184102448999994,34.214471185299999
872,4,117.185008775000000,34.214950776999999
873,4,117.186637476000001,34.214089058500001
874,8,117.181318179000002,34.213512617500001
875,4,117.185598962000000,34.216600892099997
876,4,117.184777556000000,34.216599078900003
877,4,117.181015016000003,34.212505059500003
878,4,117.181018703999996,34.212081439000002
879,4,117.181068092000004,34.211547076899997
880,4,117.181067482000003,34.211261995999998
881,4,117.183192770999995,34.212274037500002
882,4,117.184752407999994,34.212407369300003
883,8,117.186740552000003,34.210727073000001
884,4,117.181723078999994,34.209942486400003
885,2,117.181366815999993,34.209607556100003
886,4,117.181285079000006,34.208119986500002
887,4,117.182408792000004,34.207680346300002
888,4,117.182401239000001,34.208438666900001
889,4,117.184486139000001,34.207222418100002
890,4,117.183699704000006,34.207948706400003
891,4,117.183784982000006,34.208694334699999
892,2,117.161075933999996,34.273223436899997
893,2,117.160248770999999,34.273766733099997
894,2,117.161116616000001,34.273818261199999
895,2,117.161077797000004,34.274434837400001
896,2,117.159711770000001,34.274512188000003
897,2,117.158983946999996,34.274557861700004
898,4,117.157782448999995,34.274660546299998
899,4,117.157113003000006,34.274234551900001
900,2,117.159031931000001,34.273795681899998
901,4,117.157862874000003,34.273663622299999
902,2,117.156868079000006,34.273361502299998
903,2,117.157558386999995,34.273145948699998
904,2,117.157668908000005,34.272448566300000
905,2,117.159566565000006,34.273606629699998
906,2,117.158886515999995,34.273238094500002
907,4,117.158688217000005,34.272464860500001
908,4,117.162447326000006,34.273827021300001
909,4,117.161657758000004,34.273767157100004
910,4,117.161950301000005,34.274045730600001
911,3,117.160914966999997,34.272941756999998
912,4,117.160413431999999,34.272217314599999
913,3,117.161911094999994,34.272484013600000
914,3,117.161906474999995,34.271992477799998
915,3,117.159857138999996,34.271993641700000
916,2,117.158064702000004,34.272004515299997
917,2,117.162064991999998,34.271429642100003
918,2,117.160919475000000,34.271332404900001
919,2,117.160610573000000,34.271339679500002
920,2,117.159638318000006,34.271486351100002
921,4,117.159878878000001,34.271073875299997
922,2,117.159664276000001,34.270627417100002
923,2,117.160131641999996,34.270334858900000
924,2,117.160281190999996,34.270656379099997
925,2,117.161213781000001,34.270687213000002
926,2,117.161107627999996,34.270241654899998
927,4,117.162062003000003,34.270344581899998
928,2,117.161897018999994,34.269888673799997
929,2,117.162097199000002,34.269282302199997
930,2,117.161385898000006,34.269434366699997
931,2,117.160761292000004,34.269634856800003
932,4,117.160378468000005,34.269927306900001
933,2,117.162116378999997,34.270860952900001
934,4,117.163227438999996,34.269268866399997
935,4,117.162929962999996,34.269952535100003
936,4,117.162894066999996,34.270408404199998
937,4,117.162322574000001,34.271074574799997
938,4,117.162711958000003,34.272232234199997
939,2,117.162954862999996,34.272517982099998
940,2,117.162998935999994,34.273440402699997
941,4,117.161696569000000,34.266146679999999
942,4,117.161636900999994,34.266433439899998
943,2,117.160937551999993,34.266477103500002
944,2,117.159256698999997,34.266316379800003
945,4,117.159390467999998,34.265832144100003
946,4,117.158234399999998,34.266219663100003
947,4,117.158365764999999,34.265798553099998
948,4,117.161165552000000,34.265378579800000
949,4,117.158631100999997,34.268346655700000
950,4,117.157910334999997,34.268352166000000
951,2,117.158854606000006,34.268888893099998
952,4,117.157766100000003,34.268900985300000
953,4,117.158614657000001,34.269381051600000
954,4,117.157728399999996,34.269389827399998
955,4,117.158098199999998,34.269503841099997
956,4,117.159043288000007,34.269490405900001
957,4,117.159575594000003,34.269461040300001
958,4,117.159981458000004,34.269197948500000
959,4,117.160468249000004,34.268948489099998
960,4,117.160920020000006,34.268656329499997
961,8,117.161614228999994,34.268704265200000
962,4,117.162111410999998,34.268795200000000
963,2,117.162443779000000,34.268278793699999
964,2,117.162070424999996,34.268228912700003
965,4,117.161463377000004,34.268086220900003
966,4,117.160369724000006,34.268189933599999
967,4,117.160005304999999,34.268367486899997
968,4,117.152195844000005,34.267036239399999
969,4,117.153700092999998,34.267047871999999
970,3,117.152938629000005,34.266150004799997
971,4,117.154590218999999,34.265600520500001
972,4,117.155940529999995,34.266497266499996
973,2,117.156914282000002,34.266887425800000
974,2,117.156536263999996,34.267635121500000
975,4,117.163617180000003,34.273038821599997
976,4,117.164419737000003,34.272994241699998
977,4,117.164278288999995,34.272593718200000
978,4,117.165008448999998,34.272436459600002
979,4,117.168814140999999,34.272280106799997
980,4,117.168812872999993,34.272795310799999
981,3,117.168450454999999,34.272018044600003
982,4,117.167301503999994,34.273095857500003
983,4,117.166367188999999,34.272530482599997
984,4,117.165690686000005,34.272621464200000
985,4,117.165066984999996,34.273667976200002
986,4,117.165004272999994,34.271813026399997
987,2,117.163853433000000,34.271879447899998
988,2,117.163356918000005,34.272452748799999
989,2,117.163293233000005,34.272801072000000
990,2,117.164309901999999,34.271854688600001
991,4,117.167374437999996,34.271052041700003
992,4,117.167930921000007,34.270716970999999
993,4,117.164059770999998,34.270141975300000
994,4,117.164198908000003,34.269592239600001
995,4,117.163526751999996,34.268741355200000
996,4,117.164876352999997,34.268611891600003
997,4,117.165479399999995,34.268349852199997
998,4,117.166794754999998,34.266032311300002
999,4,117.167826289999994,34.266053801100000
1000,4,117.164732509000004,34.265761947599998
1001,4,117.165337889000000,34.265762668699999
1002,4,117.168888353000000,34.270539443899999
1003,4,117.169043861000006,34.271064964899999
1004,2,117.163487986000007,34.270289110699999
1005,2,117.164000032000004,34.271211440599998
1006,4,117.164576771000000,34.271356069799999
1007,4,117.164980752999995,34.270957103199997
1008,4,117.165003745000007,34.269783937000000
1009,4,117.166055829000001,34.269806940199999
1010,4,117.166045943000000,34.270390391699998
1011,4,117.166613699999999,34.270736753500003
1012,4,117.167257202000002,34.270098629000003
1013,4,117.169041750999995,34.267826147900003
1014,4,117.169027190999998,34.268130709499999
1015,4,117.169642530999994,34.268962427100000
1016,4,117.169551362000007,34.269573926800000
1017,4,117.168510663999996,34.267241668600001
1018,4,117.169095084999995,34.267100041900001
1019,4,117.167664884999994,34.268531387400003
1020,4,117.167707020999998,34.268222207800001
1021,4,117.166370698999998,34.268343097799999
1022,4,117.166463234999995,34.267364773899999
1023,4,117.165654035000003,34.267510127599998
1024,4,117.167651636000002,34.267921383199997
1025,4,117.167630869999996,34.267300877799997
1026,4,117.167010640000001,34.267176739999996
1027,4,117.166211735000005,34.266946939000000
1028,4,117.165929160000005,34.267009337200001
1029,4,117.165066229000004,34.267381594600003
1030,4,117.164882997999996,34.267708517999999
1031,4,117.164657224999999,34.266963876600002
1032,4,117.163955771999994,34.267441093300000
1033,4,117.163894163999998,34.266582046099998
1034,4,117.163807062000004,34.267177507900001
1035,3,117.153335393000006,34.267950901299997
1036,4,117.153121025000004,34.268878534499997
1037,3,117.152638257000007,34.268821891999998
1038,3,117.152165719999999,34.269341499299998
1039,4,117.152281225999999,34.269665742699999
1040,4,117.153103986999994,34.269622738000002
1041,4,117.152985353000005,34.270111374899997
1042,3,117.153248054000002,34.270485045299999
1043,3,117.152047981999999,34.270330070999997
1044,3,117.151918637999998,34.269979130700001
1045,4,117.158412231000000,34.267441133600002
1046,4,117.159032803000002,34.267447486000002
1047,4,117.160216683000002,34.267562818899997
1048,4,117.159322700999994,34.267303996999999
1049,4,117.158842371000006,34.267013626400001
1050,4,117.158419459000001,34.266699327200001
1051,4,117.157714420999994,34.263698417500002
1052,2,117.157309417999997,34.263179154299998
1053,4,117.114634616999993,34.326646870499999
1054,4,117.114967862000000,34.326461468399998
1055,4,117.115489565000004,34.326174756800000
1056,4,117.116170636999996,34.326378283200000
1057,4,117.116443454000006,34.325740704700003
1058,4,117.115502410999994,34.325478272799998
1059,4,117.114439400999998,34.325160610899999
1060,4,117.108554444000006,34.324715393900000
1061,4,117.108947861999994,34.324815794300001
1062,4,117.108765332999994,34.324526300099997
1063,4,117.109674016000000,34.325041833000000
1064,4,117.109755174000000,34.324842550600003
1065,4,117.110004294999996,34.324342012199999
1066,4,117.110167701999998,34.323724772299997
1067,4,117.109244215000004,34.323489752599997
1068,4,117.109422886999994,34.323997922300002
1069,4,117.108708026000002,34.323960777700002
1070,4,117.161664982000005,34.258404527099998
1071,3,117.156787485999999,34.260578963199997
1072,4,117.186995358999994,34.208310605199998
1073,4,117.186569977999994,34.212297304700002
1074,4,117.224664989999994,34.208441051199998
1075,4,117.224471003000005,34.207522047700003
1076,4,117.224640210000004,34.206892040600003
1077,4,117.223284808000002,34.206591115000002
1078,4,117.223160058000005,34.207360718600000
1079,4,117.223262625999993,34.208108154300000
1080,4,117.223056661000001,34.208390175900000
1081,4,117.221340448999996,34.208495181000004
1082,4,117.221589408000000,34.207789470599998
1083,4,117.221530491999999,34.206865638600000
1084,2,117.221269845999998,34.206262743400004
1085,4,117.219564832000003,34.206197532899999
1086,4,117.219259519999994,34.206965165900002
1087,4,117.219734656000000,34.207916876699997
1088,4,117.167827227999993,34.262113003099998
1089,4,117.167657934999994,34.262504025799998
1090,4,117.213237163000002,34.204588893400000
1091,4,117.211856498000003,34.204256973699998
1092,4,117.211723649000007,34.204767067399999
1093,4,117.211650934000005,34.205078607600001
1094,4,117.213096840999995,34.205047100400002
1095,4,117.213146979000001,34.205257675600002
1096,0,117.151045852999999,34.266937732599999
1097,2,117.151359979000006,34.266426926299999
1098,0,117.151812503000002,34.265648956900002
1099,0,117.151357305999994,34.265113142600001
1100,0,117.151332514999993,34.264605001699998
1101,2,117.150749466999997,34.265172652700002
1102,0,117.150031072999994,34.264078138400002
1103,2,117.149799400000006,34.264471334100001
1104,0,117.150290104999996,34.265091199099999
1105,2,117.149864249999993,34.265394736899999
1106,0,117.148392477000002,34.264363309600000
1107,2,117.148523892000000,34.264843112500003
1108,0,117.147818017000006,34.265166445399998
1109,0,117.148431884999994,34.265532034400003
1110,2,117.148724944999998,34.265906416400000
1111,0,117.147967503000004,34.266204830600003
1112,0,117.146996631999997,34.266405536599997
1113,2,117.145769506999997,34.266385323100003
1114,0,117.144700990999993,34.265769697000003
1115,0,117.203510469999998,34.214723940900001
1116,0,117.169730948999998,34.252070578900003
1117,0,117.141563739000006,34.266846931899998
1118,2,117.146407690000004,34.265259078699998
1119,0,117.146058952999994,34.264613104900000
1120,0,117.145326032000000,34.264603092300000
1121,0,117.145186738000007,34.265274842200000
1122,2,117.140711770999999,34.265978437400001
1123,0,117.142153942999997,34.266142719800001
1124,2,117.140826168999993,34.265436510699999
1125,0,117.142193707000004,34.265619631200003
1126,0,117.139891087999999,34.265675771700003
1127,2,117.138369159000007,34.265289374799998
1128,2,117.138965490999993,34.265344513300001
1129,0,117.138891412999996,34.263595255900000
1130,2,117.138622611000002,34.263785450400000
1131,0,117.139038141000000,34.264200965699999
1132,2,117.137543796000003,34.264348073999997
1133,2,117.136942746000003,34.264319170000000
1134,0,117.136325002000007,34.263979272400000
1135,2,117.136330143999999,34.264436032600003
1136,0,117.135956957999994,34.264882240900000
1137,0,117.136925327000000,34.264833339699997
1138,0,117.137768613999995,34.265231478700002
1139,0,117.136672715000003,34.265297726500002
1140,0,117.136218993000000,34.265187566300000
1141,0,117.133661248999999,34.265054742899999
1142,0,117.134520765999994,34.265211613200002
1143,0,117.134428424999996,34.265070965500001
1144,0,117.135112567999997,34.265203329300000
1145,2,117.135231724999997,34.264981195700003
1146,2,117.134260788999995,34.264523410300001
1147,0,117.133792036000003,34.264585460500001
1148,0,117.134863392000000,34.264283441499998
1149,0,117.134929271999994,34.263980686899998
1150,0,117.133856301999998,34.263823903099997
1151,0,117.135935536000005,34.257555881300000
1152,0,117.136295848000003,34.258649852399998
1153,0,117.137272796999994,34.259027774800003
1154,0,117.137825986999999,34.258486540000000
1155,0,117.136778538000002,34.258439293199999
1156,0,117.138062384999998,34.258877208800001
1157,0,117.138835674000006,34.259683478299998
1158,0,117.140271365000004,34.259713185099997
1159,0,117.140858440000002,34.260063518599999
1160,0,117.138781175999995,34.260305779600003
1161,2,117.139518096000003,34.260975756699999
1162,0,117.140525698999994,34.261708188400000
1163,0,117.140558615000003,34.262447722799998
1164,2,117.140319113999993,34.263116338700002
1165,2,117.139670088000003,34.262838249500000
1166,2,117.139017960000004,34.262511234700000
1167,2,117.138695959000003,34.261572516400001
1168,0,117.143461165999994,34.262869328599997
1169,0,117.143510333999998,34.261028111199998
1170,0,117.143763884999998,34.261824962699997
1171,0,117.143697782999993,34.262361410700002
1172,0,117.142587556999999,34.260402640400002
1173,0,117.142642447000000,34.260926366800000
1174,0,117.141563297000005,34.261392706499997
1175,0,117.142771620999994,34.261417184199999
1176,0,117.142774896000006,34.262501915599998
1177,0,117.141497655999999,34.263238700099997
1178,4,117.176605702000003,34.268015713399997
1179,4,117.176556210000001,34.267722593000002
1180,4,117.177818944999999,34.268387441199998
1181,4,117.177978417000006,34.267933640300001
1182,4,117.178305596000001,34.268414917500003
1183,4,117.178042691000002,34.268757126700002
1184,4,117.177715609000003,34.268988336000000
1185,4,117.177440997999994,34.269295816600000
1186,4,117.178299758999998,34.269884902000001
1187,4,117.178467361000003,34.269529565699997
1188,4,117.178114281000006,34.269276084500000
1189,4,117.176176628999997,34.266688544600001
1190,4,117.176631860000001,34.266434056800001
1191,4,117.177032627000003,34.266156985999999
1192,8,117.176176824999999,34.265950198399999
1193,4,117.174352268000007,34.265769981399998
1194,4,117.119148960000004,34.236203771000000
1195,4,117.119169748999994,34.235446971099996
1196,4,117.117698680000004,34.234637228600000
1197,4,117.119046745999995,34.231875710700002
1198,4,117.121588814000006,34.232746586099999
1199,4,117.122660429999996,34.235833295299997
1200,4,117.124870729999998,34.235273331400002
1201,4,117.123503822999993,34.233441144899999
1202,4,117.162654179000000,34.221427247999998
1203,4,117.164009143000001,34.220897928699998
1204,4,117.164392797000005,34.220231023600000
1205,4,117.162493925999996,34.220515200900003
1206,4,117.160448226000000,34.221654974499998
1207,4,117.160950413999998,34.221552992699998
1208,4,117.158436374999994,34.222356492999999
1209,4,117.162695756000005,34.223711336999997
1210,4,117.161912411000003,34.223228079599998
1211,4,117.160774208000007,34.224017413299997
1212,4,117.160724827999999,34.223780483399999
1213,4,117.161991772999997,34.226062981500000
1214,4,117.161819174000001,34.225729927800003
1215,4,117.161790456000006,34.224673235600001
1216,4,117.160931404999999,34.225920350800003
1217,4,117.163398005999994,34.222388412900003
1218,4,117.164177686000002,34.222521325099997
1219,4,117.164284855000005,34.223116341000001
1220,4,117.164864492999996,34.224328111799998
1221,4,117.165251495999996,34.224995260199996
1222,4,117.165650802000002,34.224785776200001
1223,4,117.167598276000007,34.214825459899998
1224,4,117.168445407999997,34.214489319800002
1225,4,117.168515348000000,34.213853705299996
1226,2,117.166488280999999,34.214767817999999
1227,4,117.167181729000006,34.214594281099998
1228,4,117.166947789999995,34.213606451099999
1229,4,117.164741004000007,34.213295253699997
1230,4,117.165142822999996,34.212635120199998
1231,4,117.165148865999996,34.212200811499997
1232,4,117.165428286999997,34.211910583300003
1233,4,117.165723415000002,34.211196812700003
1234,4,117.166106174000006,34.210360742500001
1235,4,117.166873284000005,34.212793542400000
1236,4,117.167800458000002,34.212579706800000
1237,4,117.168015268000005,34.212259029199998
1238,4,117.168488205000003,34.211687455099998
1239,4,117.168600670000004,34.211300990300003
1240,4,117.168737023000006,34.210857270799998
1241,4,117.174319933000007,34.266963506300002
1242,4,117.174062926000005,34.266631613700000
1243,4,117.174393050000006,34.266336715800001
1244,4,117.174698739999997,34.266230787100000
1245,4,117.177125118000006,34.265507433000003
1246,4,117.176945016000005,34.266974839200003
1247,4,117.177645850999994,34.267097579400001
1248,4,117.178361448999993,34.267001329199999
1249,4,117.174923856999996,34.267047497699998
1250,4,117.178809418000000,34.270285690400001
1251,4,117.177873771999998,34.269885279400000
1252,4,117.177988256000006,34.270276858300001
1253,4,117.176882066000005,34.268971663400002
1254,4,117.175933021999995,34.268957239800002
1255,4,117.174669523000006,34.267904730700003
1256,4,117.175100123000007,34.268480265900003
1257,4,117.174558916999999,34.267677846100000
1258,4,117.173758704999997,34.267690718700003
1259,4,117.172098355000003,34.267115799999999
1260,4,117.177457809000003,34.261191509200003
1261,4,117.178111416999997,34.261027843000001
1262,4,117.178770330000006,34.261960736699997
1263,4,117.178740649000005,34.261673316100001
1264,4,117.177602304999994,34.261708936200002
1265,4,117.177634170000005,34.261944547900001
1266,4,117.177424842999997,34.263550948400002
1267,4,117.177248169999999,34.262951422299999
1268,4,117.177437146000003,34.262651568099997
1269,4,117.177950848999998,34.263328219900004
1270,4,117.177702232000001,34.259768096000002
1271,4,117.177993024000003,34.259721171599999
1272,3,117.179039670999998,34.259548903899997
1273,1,117.179349684000002,34.259653017399998
1274,2,117.179743682999998,34.259418158000003
1275,2,117.178045640999997,34.258286878900002
1276,4,117.178965679000001,34.257845898699998
1277,4,117.157643243999999,34.224637642899999
1278,4,117.158586850000006,34.223733541900003
1279,4,117.217262214000002,34.208851596199999
1280,4,117.217222957000004,34.209664548299997
1281,4,117.214496214999997,34.209036786299997
1282,4,117.215301499000006,34.207318935300002
1283,4,117.216284809000001,34.207439328800000
1284,4,117.217665710999995,34.207782991300000
1285,4,117.217923549000005,34.207570726500002
1286,4,117.218241331000002,34.206556919699999
1287,4,117.217777565999995,34.205730550399998
1288,4,117.215648869999995,34.205411828700001
1289,4,117.215282428999998,34.206268289400001
1290,4,117.169358685999995,34.253525957699999
1291,4,117.163841618999996,34.254220713700001
1292,4,117.163429367000006,34.254939686800000
1293,4,117.163901616999993,34.254645676400003
1294,4,117.165107398999993,34.254297726499999
1295,4,117.164936745999995,34.253695644700002
1296,4,117.162994505000000,34.253139389200001
1297,4,117.163991511999996,34.250961723300001
1298,4,117.164554025000001,34.251778554200001
1299,4,117.164618301000004,34.251154498699997
1300,4,117.164247146999998,34.250839195399998
1301,4,117.164853132999994,34.250851548299998
1302,4,117.165460991000003,34.251869434500001
1303,4,117.166855260999995,34.252737667399998
1304,4,117.168032186000005,34.252631968999999
1305,4,117.166801907000007,34.253059300600000
1306,4,117.170658876000005,34.252062033700000
1307,4,117.170882476000003,34.251725885500001
1308,4,117.171088170000004,34.251398825499997
1309,4,117.169748534999997,34.251429310100001
1310,4,117.170572985000007,34.250607178000003
1311,4,117.144243286999995,34.274424219799997
1312,4,117.143883958000004,34.273576943300000
1313,4,117.143949860000006,34.273044298999999
1314,4,117.142738077999994,34.273112171400001
1315,4,117.144677117000001,34.274903614800003
1316,4,117.145216153999996,34.274782382200002
1317,2,117.144812283999997,34.273234485400003
1318,4,117.144749004999994,34.273864251799999
1319,4,117.146435014999994,34.275072593600001
1320,4,117.147290045999995,34.274719609400002
1321,4,117.147421664000007,34.274404604899999
1322,4,117.147581559000002,34.273829580200001
1323,4,117.140816462000004,34.271533431100003
1324,4,117.141763445999999,34.270853989599999
1325,4,117.141746803999993,34.271208925600000
1326,4,117.142209362000003,34.271503925300003
1327,4,117.142562561999995,34.271526031500002
1328,4,117.142215411999999,34.271752360900003
1329,4,117.143334366999994,34.271307983000000
1330,4,117.145210422000005,34.271332479500003
1331,4,117.145263533999994,34.271208767200001
1332,4,117.145811558000005,34.271752792400001
1333,4,117.146325845000007,34.271951772999998
1334,4,117.146285190000000,34.272365892200000
1335,4,117.146415986999997,34.271975517000001
1336,4,117.145680987999995,34.271299346600003
1337,4,117.146035193000003,34.271438220599997
1338,4,117.147472171999993,34.271420471500001
1339,4,117.146362823999993,34.274911408800001
1340,4,117.164963232000005,34.253247005600002
1341,4,117.174947426000003,34.205402757599998
1342,2,117.202865513999996,34.238279154700002
1343,4,117.197165181000003,34.238588020800002
1344,4,117.198098582000000,34.238561420499998
1345,2,117.197213000999994,34.238177398900000
1346,3,117.198716589000000,34.238576201100003
1347,9,117.196381955000007,34.239024281100001
1348,8,117.194434735000002,34.239267107899998
1349,3,117.194219954999994,34.240968209599998
1350,6,117.194781828999993,34.241273245700000
1351,4,117.194922392999999,34.240866782099999
1352,3,117.194423391000001,34.240456167700003
1353,4,117.191245902000006,34.241509646600001
1354,2,117.192239205999996,34.242737960699998
1355,3,117.192669718000005,34.242905966999999
1356,9,117.196162475999998,34.241753433000000
1357,3,117.195977068000005,34.243355635100002
1358,6,117.196086035999997,34.244130333199998
1359,5,117.197080585999998,34.239194060899997
1360,3,117.188836226000006,34.241512650399997
1361,2,117.189486092999999,34.241242202999999
1362,3,117.190591897000004,34.242202189200000
1363,4,117.190758696000003,34.243412993800000
1364,4,117.192055057999994,34.246307135599999
1365,4,117.191512525999997,34.245785748400003
1366,4,117.192079671000002,34.245488090499997
1367,4,117.192358268999996,34.246075626500001
1368,4,117.193123130999993,34.245141916700000
1369,2,117.193155490999999,34.244595122699998
1370,4,117.189851353999998,34.244256221299999
1371,4,117.189702929999996,34.244656466300000
1372,4,117.169950729000007,34.252319860800000
1373,4,117.170460696000006,34.252606808300001
1374,4,117.171250448999999,34.250607202700003
1375,4,117.149429944999994,34.269255234500001
1376,4,117.149199257000006,34.271594084400000
1377,4,117.150070971999995,34.271153275899998
1378,4,117.148861621999998,34.273431221400003
1379,4,117.149606423999998,34.273474583099997
1380,4,117.149432816000001,34.274085405500003
1381,4,117.148696919000002,34.273880220000002
1382,4,117.145988297000002,34.270033847400001
1383,4,117.144924904999996,34.269822826400002
1384,4,117.145950259000003,34.269635564600001
1385,4,117.145346076999999,34.268410290399999
1386,4,117.146684741000001,34.268454682500000
1387,4,117.147040325999996,34.267542330900000
1388,4,117.147282981000004,34.270308418600003
1389,4,117.147239182999996,34.269773455600003
1390,4,117.146745577999994,34.269433917900002
1391,4,117.147822454999996,34.269141629899998
1392,4,117.135277396999996,34.270594359999997
1393,4,117.136040192999999,34.269929271199999
1394,4,117.137165718999995,34.270506538500001
1395,4,117.136940043999999,34.269889405900003
1396,4,117.133322938999996,34.269444507400003
1397,4,117.134055641000003,34.269493797700001
1398,4,117.133686186999995,34.270231227600000
1399,4,117.133678552000006,34.270853772899997
1400,4,117.133967585999997,34.271398237000000
1401,4,117.135322520000003,34.271385298600002
1402,4,117.186241229000004,34.246583142699997
1403,4,117.184714181999993,34.246317832899997
1404,4,117.184086512999997,34.245492672700003
1405,4,117.180932701000003,34.245480663700000
1406,4,117.169835997999996,34.217596825800001
1407,4,117.169826083999993,34.218093442200001
1408,4,117.168752635000004,34.218300052399997
1409,4,117.169762333999998,34.218805041099998
1410,4,117.174591988000003,34.217695220200000
1411,4,117.174352409999997,34.216238638599997
1412,2,117.174471754999999,34.221278626400000
1413,4,117.175303920999994,34.221351476999999
1414,4,117.179371099999997,34.224489175999999
1415,3,117.179967199000004,34.224801242900000
1416,4,117.182096947999995,34.224289801899999
1417,4,117.181979194999997,34.225080722599998
1418,4,117.183362114999994,34.224283432800000
1419,4,117.178431926000002,34.232642456599997
1420,4,117.179518806999994,34.233277721800000
1421,4,117.180424888999994,34.232618074000001
1422,2,117.180567322000002,34.233421679999999
1423,4,117.181341429000000,34.233829005200000
1424,3,117.182706226999997,34.234234054799998
1425,4,117.181169408000002,34.231532205900002
1426,4,117.179928837999995,34.230624980499996
1427,4,117.178663072000006,34.231360884799997
1428,4,117.178547241999993,34.230362126000003
1429,4,117.178439103000002,34.229468068000003
1430,4,117.141119294999996,34.267384335499997
1431,4,117.141068455999999,34.268320251500000
1432,4,117.141237532999995,34.269524104900000
1433,4,117.140627534000004,34.269250031100000
1434,4,117.140797913000000,34.270117093800003
1435,4,117.140963400000004,34.270116903500004
1436,4,117.139487324000001,34.268791879399998
1437,4,117.139511909999996,34.268370148400003
1438,4,117.139618900000002,34.267744150299997
1439,4,117.139706963999998,34.267140546900002
1440,4,117.138771563000006,34.270232100199998
1441,4,117.139435140000003,34.270937269999997
1442,4,117.139622611999997,34.270470321600001
1443,4,117.139031445000001,34.271898821000001
1444,4,117.135124630999996,34.273634993000002
1445,4,117.135742840000006,34.273931123700002
1446,4,117.137294639000004,34.272997872700003
1447,4,117.136398181999994,34.272977406499997
1448,4,117.138788059999996,34.272821266400001
1449,4,117.138576990999994,34.273061933599998
1450,4,117.138533945999995,34.273443613600001
1451,4,117.138474755999994,34.273792873600001
1452,4,117.134995302999997,34.275445364399999
1453,4,117.135000762999994,34.275410248900002
1454,4,117.135239530000007,34.274944394999999
1455,4,117.136620342000001,34.274624486999997
1456,4,117.136509652000001,34.275468970100000
1457,4,117.136921506999997,34.276075305200003
1458,4,117.137218544000007,34.274977782400001
1459,4,117.137768128999994,34.275468516499998
1460,4,117.138225206000001,34.276148132599999
1461,4,117.138368485000001,34.275661161999999
1462,4,117.143987271000000,34.275904144099997
1463,4,117.143811889999995,34.276962708699998
1464,4,117.143882512999994,34.276590536000000
1465,4,117.142386649000002,34.276682284200000
1466,4,117.142048093000000,34.276291504600003
1467,4,117.142149621000002,34.275680204799997
1468,4,117.141005066000005,34.276800183699997
1469,4,117.140324256000000,34.276203711999997
1470,4,117.140138527000005,34.275579527500000
1471,4,117.145239153999995,34.276485952300000
1472,4,117.145671895999996,34.275968423599998
1473,4,117.146279655000001,34.276504369000001
1474,4,117.146280508000004,34.275934973699997
1475,4,117.147940969000004,34.275776842500001
1476,4,117.149206641999996,34.277608249799997
1477,4,117.148732534000004,34.276622691400000
1478,3,117.148032585999999,34.277268495000001
1479,4,117.147669023999995,34.276264098299997
1480,3,117.147420685000000,34.277028767600001
1481,4,117.156542873999996,34.262557720700002
1482,4,117.156593895000000,34.262557655599998
1483,4,117.156706213000007,34.263637454500000
1484,2,117.155738567000000,34.263347121099997
1485,4,117.157710418999997,34.262422913300000
1486,4,117.159024256999999,34.263151056100000
1487,4,117.159140559999997,34.262453121999997
1488,4,117.160241987999996,34.262408442500004
1489,4,117.160793360000000,34.262735732599999
1490,4,117.157699363999996,34.261848568399998
1491,4,117.157553118999999,34.261559860900000
1492,3,117.156777418999994,34.261307832900002
1493,2,117.156913040000006,34.261569841099998
1494,4,117.156932951000002,34.261896111399999
1495,3,117.156297405000004,34.261376453600001
1496,4,117.160233352000006,34.261939818899997
1497,4,117.160229328000000,34.261272540100002
1498,3,117.160153524999998,34.260201474200002
1499,4,117.159278013999995,34.259884562400003
1500,4,117.159190483000003,34.260266308200002
1501,3,117.159264788000002,34.260671505200001
1502,4,117.159249368000005,34.261188350399998
1503,4,117.156651136999997,34.223334646200001
1504,4,117.166408540999996,34.226813621799998
1505,4,117.167661179000007,34.227130198899999
1506,4,117.169934053000006,34.213357929600001
1507,4,117.167811514999997,34.215457574699997
1508,4,117.169565401000000,34.215536736399997
1509,4,117.168388358000001,34.216016355699999
1510,4,117.166431070000002,34.215486764700003
1511,4,117.167266659000006,34.215381080400000
1512,4,117.167262928000000,34.215818057900002
1513,4,117.166310171999996,34.216649408700000
1514,4,117.166845015000007,34.216469314000001
1515,4,117.221644420999993,34.213883171600003
1516,4,117.222219136000007,34.213718792199998
1517,4,117.221247465999994,34.213161835800001
1518,4,117.223501689000003,34.213442543699998
1519,4,117.223370852000002,34.212952763200001
1520,4,117.219695004000002,34.208938307200000
1521,4,117.219489904000000,34.210401671299998
1522,4,117.221408126000000,34.210502219799999
1523,4,117.221313327999994,34.209559084200002
1524,4,117.220558541000003,34.209006882399997
1525,4,117.221443195000006,34.212217473999999
1526,4,117.223247029999996,34.212148634700000
1527,4,117.222881018999999,34.211579138200001
1528,4,117.223196455999997,34.211130047899999
1529,4,117.222689528999993,34.210467591399997
1530,4,117.222743140999995,34.209893133500003
1531,4,117.223621359999996,34.210457273300001
1532,4,117.222978385000005,34.209200257399999
1533,4,117.224577029000002,34.209476125700000
1534,4,117.227921351999996,34.209718019599997
1535,4,117.227436591000000,34.210094829600003
1536,4,117.227084906000002,34.209565009199999
1537,4,117.226176519000006,34.210756126400000
1538,4,117.227945278999997,34.210660687599997
1539,4,117.226389982000001,34.212034400500002
1540,4,117.226434432999994,34.211478657900003
1541,4,117.225327453000006,34.212034194300003
1542,4,117.168103502999998,34.231204767000001
1543,4,117.163919836000005,34.227700542000001
1544,4,117.164730096000000,34.215662067499998
1545,4,117.165498847999999,34.216287078900002
1546,4,117.170649736000001,34.272741103400001
1547,4,117.171780745000007,34.272618913099997
1548,4,117.171908603999995,34.271468251700000
1549,4,117.170508158999993,34.271537168899997
1550,4,117.170532078999997,34.270678571900000
1551,4,117.172088501999994,34.270785786799998
1552,2,117.172761764000001,34.271815109199999
1553,4,117.173201753000001,34.271737453999997
1554,4,117.174092451999996,34.271649877100003
1555,4,117.174069451999998,34.270804221299997
1556,4,117.173471196999998,34.270680345700001
1557,2,117.173535002999998,34.270346518300002
1558,2,117.173788508000001,34.270362283200001
1559,4,117.172477068999996,34.270417820399999
1560,4,117.172685911000002,34.269919810099999
1561,4,117.172166337999997,34.269588863899997
1562,4,117.171532119999995,34.268971548099998
1563,4,117.171617377000004,34.269603136299999
1564,4,117.171788520000007,34.270022500499998
1565,4,117.172041246999996,34.270512691800000
1566,4,117.170087146000000,34.269638707500000
1567,4,117.170417044000004,34.270245425299997
1568,4,117.172800964999993,34.269183050199999
1569,4,117.171910929000006,34.268687417599999
1570,4,117.172142019999995,34.268399342899997
1571,4,117.173800447999994,34.269697179399998
1572,4,117.173897045000004,34.268983009899998
1573,4,117.175129532000000,34.270992750600001
1574,4,117.175645987999999,34.271209064099999
1575,4,117.174404220000000,34.271382310699998
1576,2,117.175155810000007,34.271560923899997
1577,4,117.175620146000000,34.272324406199999
1578,4,117.176128550000001,34.272256890700000
1579,4,117.175854756999996,34.271970392900002
1580,2,117.177226759999996,34.271939176799997
1581,2,117.177028741000001,34.271882790799999
1582,4,117.178339446999999,34.271131294699998
1583,3,117.173920366999994,34.268618306900002
1584,3,117.173481068000001,34.268582102700002
1585,2,117.170924182999997,34.268425991500003
1586,2,117.170827146999997,34.267764483400001
1587,4,117.159235949000006,34.261994279600003
1588,4,117.158418663000006,34.260609770400002
1589,2,117.158438966000006,34.260039127799999
1590,3,117.160853500000002,34.260266301700000
1591,4,117.160819696000004,34.260617829499999
1592,3,117.160801422000006,34.261159160399998
1593,4,117.154870101000000,34.262319861400002
1594,4,117.154338076000002,34.262882753000000
1595,3,117.154178645000002,34.262415453700001
1596,4,117.154110652000000,34.262938375399997
1597,4,117.153782106999998,34.262996032700002
1598,4,117.154960951000007,34.261430562199997
1599,4,117.153511007999995,34.261428951900001
1600,4,117.154884813999999,34.255487675799998
1601,2,117.154070864000005,34.255560257399999
1602,4,117.152868428000005,34.255697241800000
1603,4,117.153073892999998,34.256393477600000
1604,2,117.154422349000001,34.256050225300001
1605,2,117.154261320000003,34.256589484400003
1606,4,117.154307524999993,34.256722997700003
1607,4,117.153044679000004,34.256695003700003
1608,4,117.153726645999996,34.259202327799997
1609,4,117.154478138000002,34.259201383099999
1610,4,117.154967670000005,34.259216031100003
1611,4,117.154827018000006,34.258962423500002
1612,4,117.154483532000000,34.258380485799997
1613,4,117.155078368999995,34.257799175599999
1614,4,117.154171926000004,34.257635931000003
1615,4,117.153260111999998,34.257803084999999
1616,4,117.153284756999994,34.258720879599998
1617,3,117.154118761999996,34.259092755799998
1618,4,117.158066673999997,34.258999141700002
1619,4,117.157095010000006,34.259240818700000
1620,4,117.158217738999994,34.258659484600003
1621,3,117.158309682999999,34.258066512299997
1622,4,117.158014283000000,34.257156566699997
1623,4,117.156927987000003,34.258029439100000
1624,4,117.155822309000001,34.257401842500002
1625,4,117.158197673999993,34.256671377000004
1626,4,117.158621093999997,34.258497608900001
1627,4,117.160292196000000,34.258397737700001
1628,4,117.160936691000003,34.258692276100000
1629,3,117.160581919999998,34.256712092100003
1630,3,117.159576928000007,34.256629636000000
1631,2,117.159099404000003,34.256272094700002
1632,4,117.158510817999996,34.256612318700000
1633,4,117.161238034999997,34.256635247699997
1634,4,117.158422142999996,34.255745898999997
1635,2,117.171768455000006,34.267371803800003
1636,4,117.171315495000002,34.267112547000004
1637,4,117.173870015999995,34.264016130999998
1638,4,117.175932673000005,34.264101961199998
1639,2,117.176745328999999,34.264203833400003
1640,2,117.176653868000002,34.263448906199997
1641,3,117.175892879000003,34.262917019299998
1642,4,117.174122138000001,34.263734497999998
1643,4,117.174144351999999,34.263026921300003
1644,4,117.175320573999997,34.263769044999997
1645,4,117.174556801999998,34.261904987900003
1646,4,117.175255629999995,34.262183786500003
1647,3,117.175765322999993,34.261716129400000
1648,2,117.176327938000000,34.262294161600003
1649,2,117.176208535000001,34.262032565500000
1650,4,117.176566700999999,34.261883570000002
1651,4,117.170940735000002,34.260325414500002
1652,4,117.170955518000000,34.259907888000001
1653,4,117.171000195000005,34.259499669900002
1654,4,117.172117740999994,34.259279659999997
1655,4,117.172170679999994,34.259996290399997
1656,4,117.172402704000007,34.260503659000001
1657,4,117.171789505000007,34.258639064299999
1658,4,117.172564031999997,34.258599106799998
1659,4,117.174039570999994,34.260562339000003
1660,4,117.173957944999998,34.260207765799997
1661,4,117.173672421000006,34.259424998100002
1662,4,117.173026195000006,34.259769190000000
1663,4,117.173740871000007,34.259967390800000
1664,4,117.174927975000003,34.260009853900002
1665,4,117.175892593000000,34.258894773599998
1666,4,117.174656600000006,34.259091172900000
1667,4,117.176821498999999,34.259011529900000
1668,4,117.174543541999995,34.258597209300000
1669,4,117.175564272000003,34.258439282399998
1670,4,117.171076396999993,34.258098808600003
1671,4,117.170613363000001,34.256693997399999
1672,4,117.170377962000003,34.254945351499998
1673,4,117.177843350000003,34.255595911800000
1674,4,117.177038581000005,34.255818423699999
1675,4,117.178058745000001,34.255300978900003
1676,4,117.176081869000001,34.256133885099999
1677,4,117.176846674000004,34.255736204199998
1678,4,117.179881867999995,34.256533239600003
1679,4,117.179567649000006,34.256823740900003
1680,4,117.179695758999998,34.257144220100002
1681,4,117.178403450999994,34.256420548199998
1682,4,117.178121329000007,34.256676652300001
1683,4,117.178992991000001,34.255270810299997
1684,4,117.179660218999999,34.254762214800003
1685,4,117.179246732999999,34.254552850899998
1686,4,117.178317432000000,34.253852956000003
1687,4,117.178339585000003,34.252927560800003
1688,4,117.177227497999993,34.251510478500002
1689,4,117.174242226999993,34.249060661400001
1690,4,117.174758350000005,34.249737961400001
1691,4,117.175508765999993,34.250366201699997
1692,4,117.175718939000006,34.249800735800001
1693,4,117.175903116000001,34.249525696699997
1694,4,117.176072267999999,34.249764785799997
1695,4,117.087579098000006,34.309837922299998
1696,4,117.088420979000006,34.309202286000001
1697,4,117.087009668999997,34.309707047499998
1698,4,117.087034846999998,34.309036792400001
1699,4,117.095669380999993,34.309248476599997
1700,4,117.096594382999996,34.309771919299997
1701,4,117.095034729000005,34.307204401600004
1702,4,117.178937235999996,34.257304637700003
1703,2,117.175079601999997,34.271901235199998
1704,4,117.153913084999999,34.221506356900001
1705,4,117.095239977000006,34.306510439000000
1706,4,117.080370767000005,34.297727991000002
1707,4,117.078467930000002,34.296716758800002
1708,4,117.110465437000002,34.307802924699999
1709,4,117.110713532999995,34.304985701600003
1710,4,117.109781455999993,34.304708331999997
1711,4,117.108085054000000,34.304670754699998
1712,4,117.101883319999999,34.354614836000003
1713,4,117.101965380999999,34.353981267100004
1714,4,117.103473761999993,34.354934640300002
1715,4,117.103557014000003,34.354344956900000
1716,4,117.104091784000005,34.354221429100001
1717,4,117.103548727000003,34.353311900999998
1718,4,117.105890650999996,34.355065024300004
1719,4,117.105359178000000,34.354619377200002
1720,4,117.103127455999996,34.352150092599999
1721,4,117.103748229000004,34.351741523599998
1722,4,117.104725072999997,34.352095337300000
1723,4,117.107624577999999,34.351934040700002
1724,4,117.107406478000001,34.351576456899998
1725,4,117.107499015000002,34.350804248999999
1726,4,117.105835862999996,34.350674830300001
1727,4,117.105351736000003,34.350028530300001
1728,4,117.101351567999998,34.350424630200003
1729,4,117.102185097000003,34.349610448800000
1730,4,117.093492296999997,34.349699493199999
1731,4,117.093611292000006,34.349177813499999
1732,4,117.091193309999994,34.350385771900001
1733,4,117.091131806999996,34.350953488199998
1734,4,117.119358192999997,34.321877425300002
1735,4,117.118686822000001,34.321519919300002
1736,4,117.119771158999995,34.321329893900000
1737,4,117.120034090000004,34.320713726000001
1738,4,117.121120016999996,34.320698839000002
1739,4,117.122312254999997,34.321181384699997
1740,4,117.122038676000003,34.321727958300002
1741,4,117.121858754000002,34.322313747199999
1742,4,117.120984645999997,34.322363652600004
1743,4,117.109839850000000,34.340688687600000
1744,4,117.109102430999997,34.341461188200000
1745,4,117.110114015999997,34.341891903399997
1746,4,117.108088885000001,34.344154850099997
1747,4,117.108562055999997,34.343235472499998
1748,4,117.108991259999996,34.342586439300000
1749,4,117.110105480000001,34.342859069600003
1750,4,117.110101399000001,34.343256347400001
1751,4,117.178142883000007,34.256169906700002
1752,4,117.155644143999993,34.221289503199998
1753,2,117.155769575999997,34.222355535900000
1754,2,117.154618334999995,34.222466712200003
1755,4,117.138075642000004,34.256540461500002
1756,4,117.136880652000002,34.256510316200000
1757,4,117.130114255999999,34.262249625999999
1758,0,117.128168786000003,34.262017130899999
1759,4,117.128298166999997,34.260857680500003
1760,4,117.129842393999994,34.260847467799998
1761,2,117.142040084000001,34.255397167500000
1762,4,117.140795787000002,34.255452985500000
1763,4,117.140746960000001,34.254853520899999
1764,4,117.141053423000002,34.254314708800003
1765,4,117.140252145999995,34.254004596900003
1766,4,117.141449460999993,34.253435543000002
1767,4,117.140804519000000,34.253395140400002
1768,4,117.141500601000004,34.253098573499997
1769,4,117.142551971000003,34.252443213100001
1770,3,117.140855302999995,34.252411781200003
1771,4,117.140814379000005,34.251899605200002
1772,4,117.141895427999998,34.251561449000000
1773,4,117.143573283999999,34.251773686699998
1774,4,117.143588765000004,34.252347191299997
1775,4,117.143297779999997,34.253191416800000
1776,4,117.143191340000001,34.254505392200002
1777,4,117.142080488999994,34.254990880999998
1778,4,117.143131963000002,34.255063599200000
1779,4,117.143118083000005,34.255348646599998
1780,4,117.145578173000004,34.254980336999999
1781,4,117.145582434999994,34.254119272899999
1782,4,117.145590576000004,34.253842579800001
1783,4,117.145243054999995,34.253203995800000
1784,4,117.145225936000003,34.252602943799999
1785,4,117.145280116999999,34.252038063500002
1786,4,117.145373335000002,34.251457870999999
1787,2,117.147011043999996,34.255387093400003
1788,4,117.148459875000000,34.255175449200003
1789,2,117.149847132999994,34.255072390300001
1790,2,117.149389982000002,34.254836812999997
1791,4,117.148766034999994,34.254491716799997
1792,4,117.148125504999996,34.254516345100001
1793,4,117.148701845000005,34.253926501899997
1794,4,117.148224399000000,34.253578839799999
1795,4,117.147778747000004,34.253340857200001
1796,2,117.146505242000003,34.251690035499998
1797,4,117.151294547999996,34.254717602400000
1798,4,117.151266438999997,34.254419963300002
1799,3,117.150939992999994,34.253705161900001
1800,4,117.150948115999995,34.253428468400003
1801,3,117.150669051999998,34.253185521299997
1802,4,117.150591031999994,34.252925629300002
1803,4,117.149145879000002,34.253569254399999
1804,4,117.147968255999999,34.251329006399999
1805,2,117.147458103000005,34.251980782200000
1806,2,117.148214066999998,34.252273250700000
1807,4,117.148384006000001,34.252537802799999
1808,4,117.148700374000001,34.252764014199997
1809,3,117.149718207000006,34.254128066500002
1810,0,117.149400575000001,34.253191068200003
1811,4,117.149950505000007,34.252297138099998
1812,4,117.149860859000000,34.251958548700003
1813,3,117.148779731000005,34.251420212799999
1814,4,117.149907537000004,34.251149787300001
1815,4,117.149943727999997,34.251256123799998