FID,数量,X,Y
0,0,117.154169953999997,34.182393325400000
1,0,117.183179322000001,34.196220134000001
2,0,117.184008875999993,34.195984344700001
3,0,117.183445151000001,34.194813844499997
4,0,117.182660764999994,34.194914398999998
5,0,117.105369010000004,34.241623890600003
6,0,117.154996488999998,34.182422197800001
7,0,117.180592404999999,34.195371352199999
8,0,117.180647637999996,34.196267311299998
9,0,117.180370346000004,34.193769747600001
10,0,117.180238039000002,34.192709350199998
11,0,117.180624137999999,34.191105814700002
12,0,117.181237932000002,34.190405202800001
13,0,117.179231564000006,34.192536761900001
14,0,117.178874011999994,34.191279804600001
15,0,117.178972697000006,34.191570499500003
16,0,117.178316421000005,34.190930099799999
17,0,117.176879016000001,34.195247877100002
18,0,117.173768933999995,34.192032548400000
19,0,117.173823413999997,34.192657353300000
20,0,117.173973404999998,34.193233402899999
21,0,117.174066370999995,34.194228773600003
22,0,117.173874682000005,34.191645596699999
23,0,117.172717481999996,34.191382699999998
24,0,117.171263777999997,34.191657435700002
25,0,117.171441727000001,34.192682253000001
26,0,117.174525377999998,34.191610182300003
27,0,117.175432553999997,34.195720841200000
28,0,117.176132183999997,34.194374589299997
29,0,117.176738650999994,34.193411577399999
30,0,117.176625379000001,34.192551207000001
31,0,117.175553460000003,34.191383944300000
32,4,117.137484435000005,34.201700947200003
33,4,117.136585052000001,34.200644152499997
34,4,117.135099225000005,34.202216852900001
35,4,117.136245658999997,34.201633725000001
36,4,117.135726769000001,34.200706175400001
37,4,117.134557436999998,34.200696141599998
38,4,117.135390044000005,34.200043199699998
39,4,117.135473669000007,34.199057150999998
40,4,117.135456532000006,34.197788527900002
41,0,117.181963586999998,34.204971893200003
42,4,117.185955000999996,34.194516095700003
43,0,117.179232368000001,34.187012044299998
44,0,117.181785113000004,34.202602114400001
45,0,117.179668249000002,34.184125646399998
46,4,117.135333016999994,34.196867450699997
47,4,117.134636783999994,34.198408937400004
48,4,117.133234732000005,34.197513484200002
49,4,117.131960860999996,34.197797653000002
50,4,117.136864621000001,34.202583181599998
51,0,117.184728551000006,34.204154501799998
52,0,117.184896158000001,34.204658326299999
53,0,117.183680264000003,34.204393007999997
54,0,117.184783553000003,34.202820554699997
55,0,117.184819985000004,34.202500880300001
56,0,117.186422110999999,34.200797186999999
57,0,117.185217214999994,34.201161565600003
58,0,117.184809700000002,34.201219426300000
59,0,117.183842382999998,34.201271923599997
60,0,117.183070154000006,34.201357514700000
61,0,117.181882356000003,34.201228730700002
62,0,117.185094468000003,34.199822791599999
63,0,117.184512269999999,34.199459523800002
64,0,117.170830491999993,34.191652557700003
65,0,117.132663143000002,34.166809188499997
66,0,117.133648590999996,34.166796379099999
67,0,117.132581231000003,34.166195502100003
68,0,117.132553791999996,34.165470021300003
69,0,117.133259275000000,34.165204893400002
70,0,117.136092665000007,34.166839887499997
71,0,117.134700859000006,34.166793717899999
72,0,117.134508906999997,34.166384462600000
73,0,117.135449863000005,34.165628101899998
74,0,117.135985148000003,34.171086428400002
75,0,117.135300072000007,34.170953245299998
76,0,117.135930200000004,34.170316333300001
77,0,117.135309114999998,34.170308648300001
78,0,117.133959645999994,34.170374308600003
79,0,117.133936930000004,34.170871027600001
80,0,117.133991452000004,34.171381615800001
81,0,117.133872945999997,34.169708309699999
82,0,117.134944161999996,34.169513359800000
83,0,117.134455939000006,34.169270601800001
84,0,117.133179764999994,34.169301983700002
85,0,117.132991297000004,34.168551854999997
86,0,117.133368938000004,34.167821562900002
87,0,117.135704752999999,34.167804691000001
88,0,117.135924187000001,34.168644051900003
89,0,117.135621502999996,34.169578763799997
90,0,117.140063948999995,34.175348063999998
91,0,117.139737573999994,34.174664668299997
92,0,117.141419737000007,34.173788154800000
93,0,117.141731338000000,34.174783234000003
94,0,117.143675056999996,34.174720547800000
95,0,117.139172496000000,34.173084694099998
96,0,117.140292446000004,34.172377389200001
97,0,117.140745081000006,34.173057458400002
98,0,117.142236986000000,34.172836295899998
99,0,117.168030662999996,34.175359008400001
100,0,117.168153341999997,34.174993898899999
101,0,117.168870231000000,34.174709071499997
102,0,117.169034190999994,34.174899665300003
103,0,117.167495948999999,34.173438690700003
104,0,117.167144125999997,34.174168555900003
105,0,117.168489925000003,34.173858621999997
106,0,117.170053977999999,34.171976422400000
107,0,117.170144024999999,34.172993998800003
108,0,117.170248856000001,34.173750767199998
109,0,117.107948432000001,34.219161573299999
110,0,117.109696638000003,34.215839662699999
111,0,117.109504024000003,34.217378673500001
112,0,117.110817644999997,34.216294603400002
113,0,117.129273560000001,34.204709576799999
114,0,117.130335153999994,34.204308928400003
115,0,117.130116548999993,34.203722792999997
116,0,117.132775930999998,34.204678008499997
117,0,117.133412344999996,34.203188540600003
118,0,117.159520560000004,34.191595868900002
119,0,117.131563693000004,34.203582111899998
120,0,117.133266230000004,34.202768105200001
121,0,117.134525721000003,34.204086554200003
122,0,117.127522201999994,34.202730141700002
123,0,117.129579403999998,34.203236039200000
124,0,117.126279797999999,34.201492493499998
125,0,117.130170698000001,34.200193407999997
126,0,117.131548187999996,34.199912072200000
127,0,117.176030496999999,34.184856968399998
128,0,117.211242741999996,34.186326987599998
129,0,117.212100432000000,34.186508694099999
130,0,117.211102322000002,34.185874705200000
131,0,117.211045537000004,34.184740388199998
132,0,117.213647039999998,34.186522024299997
133,0,117.212439637000003,34.185758860200004
134,0,117.211173570000000,34.185056846599998
135,0,117.211961590000001,34.185216491600002
136,0,117.207984522999993,34.180863415499999
137,0,117.208594610000006,34.180947850499997
138,0,117.208714924000006,34.181243811999998
139,0,117.208214923000000,34.180020243400001
140,0,117.208399197000006,34.177732494399997
141,0,117.208228425000001,34.178312395699997
142,0,117.164600285000006,34.186316681000001
143,2,117.147805816000002,34.190204710200000
144,2,117.146231587000003,34.189462405400000
145,2,117.149634827000000,34.188177721700001
146,2,117.150249298999995,34.186813128200001
147,2,117.148682914999995,34.185901270300000
148,2,117.147911438999998,34.187126159400002
149,0,117.151578026999999,34.188481690499998
150,0,117.152101162999998,34.188214230900002
151,0,117.151800639000001,34.187773002100002
152,0,117.153111805999998,34.187473218999997
153,0,117.150135841999997,34.185768903200000
154,0,117.152816924999996,34.185946338400001
155,0,117.161075827000005,34.195399894300003
156,0,117.158799036000005,34.194114991900001
157,0,117.159643193999997,34.192649438700002
158,0,117.161439303999998,34.193627112700000
159,0,117.156377664000004,34.162845761299998
160,0,117.161018186000007,34.187654644200002
161,0,117.219886665999994,34.194933778900001
162,0,117.218510198999994,34.195022839899998
163,0,117.219661294000005,34.195909557999997
164,0,117.216999037999997,34.196433479400000
165,0,117.217621863999995,34.196028478099997
166,0,117.216128276999996,34.196442914499997
167,0,117.215916682000000,34.195621815899997
168,0,117.217322374999995,34.195270359699997
169,0,117.214549993000006,34.193072238200003
170,0,117.215329585999996,34.192440728000001
171,0,117.217130806000000,34.192274904900003
172,0,117.214181594999999,34.191724559599997
173,0,117.213559313000005,34.190700435899998
174,0,117.215334166999995,34.190707271999997
175,0,117.216438065000006,34.191740119999999
176,0,117.216056217000002,34.191089946399998
177,0,117.215572269000006,34.191781080399998
178,0,117.131620699999999,34.186237808199998
179,0,117.131739420000002,34.185799792899999
180,0,117.130749252000001,34.185095359899996
181,0,117.132683079000003,34.184668712099999
182,0,117.129967824999994,34.184238300600001
183,0,117.132660372000004,34.186419401599998
184,0,117.133304702000004,34.185222933399999
185,0,117.133432839999998,34.183967208399999
186,0,117.134064682000002,34.182777083300003
187,0,117.145929664999997,34.191945828999998
188,0,117.143508564000001,34.193008361499999
189,0,117.143780132000003,34.190800838500003
190,0,117.145520421000001,34.190709367700002
191,0,117.143847597999994,34.187289000000000
192,0,117.142726272000004,34.187454817400003
193,0,117.142639403000004,34.188777806799997
194,0,117.144120548999993,34.188206517499999
195,0,117.146572015000004,34.193502915400003
196,0,117.147886382999999,34.194710555599997
197,0,117.150401901999999,34.193627598900001
198,0,117.149834557000005,34.193980670199998
199,0,117.145684931999995,34.195714027400001
200,0,117.143339639000004,34.198720597399998
201,0,117.144236297000006,34.197714937100002
202,0,117.142375412000007,34.196666720300001
203,0,117.141516976999995,34.195743387000000
204,0,117.143237052999993,34.194805560100001
205,0,117.144542252999997,34.195693686100000
206,0,117.144718802000000,34.194412424399999
207,0,117.170122312000004,34.184505870000002
208,0,117.172867812999996,34.184539538999999
209,0,117.173983598999996,34.184271228199997
210,0,117.174989971000002,34.183565885800000
211,0,117.174505650000000,34.182766620700001
212,0,117.173487080000001,34.182959907499999
213,0,117.172301580999999,34.183436338100002
214,0,117.171997888000007,34.183842719899999
215,0,117.178150969000001,34.184623397499998
216,0,117.178231165000000,34.185052336699997
217,0,117.176572519000004,34.183164411699998
218,0,117.176860004000005,34.183712362000001
219,0,117.178094440999999,34.183248557299997
220,0,117.178233120000002,34.182773337999997
221,0,117.174679115000004,34.180591483500002
222,0,117.175077969000000,34.179997479800001
223,0,117.177530986999997,34.181200930300001
224,0,117.176570607000002,34.181261151599998
225,0,117.177322832000002,34.180477711000002
226,0,117.176453183999996,34.180736926999998
227,0,117.177158383000005,34.179312118299997
228,0,117.175768309999995,34.179518452799996
229,0,117.177124633000005,34.179823105700002
230,0,117.174161409999996,34.176191396500002
231,0,117.174645833000000,34.176093708099998
232,0,117.175818597000003,34.175710952499998
233,0,117.174552722000001,34.175347023900002
234,0,117.174172795000004,34.175506579100002
235,0,117.175222919999996,34.175854123999997
236,0,117.179516989000007,34.176938115200002
237,0,117.179928687000000,34.177642268900001
238,0,117.179113013000006,34.177712156699997
239,0,117.175332639000004,34.181491764299999
240,0,117.160710068000000,34.185910968999998
241,0,117.175623213999998,34.182325704999997
242,0,117.179094345999999,34.183352062200001
243,0,117.178450908000002,34.184077512999998
244,0,117.181252310000005,34.174330324899998
245,0,117.178744483000003,34.173260330600002
246,0,117.177943436999996,34.174155044899997
247,0,117.179699959999994,34.172509095700001
248,0,117.178634130000006,34.172931337700000
249,0,117.176897490000002,34.168499384599997
250,0,117.176915440000002,34.168136346099999
251,0,117.184788932999993,34.185591569099998
252,0,117.185733627999994,34.185636161799998
253,0,117.185656234000007,34.184791875999998
254,0,117.185194731999999,34.183443672400003
255,0,117.184386511000000,34.183532347899998
256,0,117.184458921000001,34.183834368600003
257,0,117.181636409000006,34.184227685600000
258,0,117.181673861999997,34.185337244400003
259,0,117.183431382999999,34.185504214900000
260,0,117.136530074999996,34.197032683099998
261,0,117.138208708999997,34.196633265800003
262,0,117.138195964999994,34.197619173699998
263,0,117.136939784999996,34.198916555099999
264,0,117.138278991999996,34.198656653900002
265,0,117.134969306000002,34.194397010400003
266,0,117.136155923999993,34.194491108800001
267,0,117.135380216000001,34.195264781299997
268,0,117.135101156999994,34.193077039499997
269,0,117.135874893999997,34.193470542599997
270,0,117.181346650999998,34.194964886999998
271,0,117.105381128999994,34.239843743400002
272,0,117.106456480000006,34.242834399300001
273,0,117.107065280000000,34.243518423799998
274,0,117.107787697999996,34.244250845899998
275,0,117.148249913000001,34.188505315800001
276,0,117.132464725000006,34.196672420299997
277,0,117.133569257999994,34.196407061199999
278,0,117.133839924000000,34.195861239700001
279,0,117.133793311999995,34.194899877799998
280,0,117.133621606999995,34.194262413799997
281,0,117.131649710999994,34.195044151700003
282,0,117.132115325000001,34.194004274599997
283,0,117.130995182999996,34.194382877700001
284,0,117.130913516000007,34.195308679100002
285,0,117.131673058000004,34.196140623900000
286,0,117.133227241000000,34.193721919900000
287,0,117.178309362999997,34.206676922699998
288,0,117.160466478999993,34.191217186499998
289,0,117.163226266999999,34.191577412900003
290,0,117.164406049999997,34.191604460400001
291,0,117.163759729000006,34.191354875899997
292,0,117.162707990000001,34.190740885600000
293,0,117.163627523000002,34.189780800999998
294,0,117.164024108000007,34.190279795499997
295,0,117.161059469999998,34.190010870700000
296,0,117.073259945000004,34.229125315899999
297,0,117.074298433999999,34.229231549100000
298,0,117.074204879999996,34.229958619999998
299,0,117.074067576999994,34.230573134600000
300,0,117.074007019999996,34.230942879700002
301,0,117.073558309000006,34.230113094399996
302,0,117.073153086000005,34.229750783500002
303,0,117.153371645999997,34.182792500799998
304,4,117.165023003000002,34.190846526700000
305,0,117.164362002000004,34.189862095800002
306,4,117.163906695999998,34.188844434799996
307,4,117.164659236000006,34.187381641300000
308,4,117.165535097000003,34.186869871699997
309,4,117.177284526999998,34.187047844699997
310,4,117.178189743999994,34.187840527900001
311,4,117.177969442999995,34.186811573800000
312,4,117.180701143999997,34.189856357099998
313,4,117.180345164000002,34.188648306799998
314,4,117.180483526000003,34.188924790500003
315,4,117.180454370000007,34.189251132000003
316,4,117.177845403000006,34.209170215100002
317,4,117.177254646999998,34.208117398100001
318,4,117.176102649000001,34.208103255899999
319,4,117.179971456000004,34.209617669799997
320,0,117.179992834000004,34.208869633299997
321,4,117.178813822999999,34.209126033799997
322,4,117.180092719000001,34.208829975800001
323,4,117.180358200000001,34.207577583000003
324,4,117.180330835000007,34.206995331400002
325,4,117.177112739999998,34.205922794099997
326,4,117.177633916000005,34.205291578699999
327,0,117.177855867000005,34.205991749200003
328,0,117.178687511999996,34.206105031000000
329,4,117.178268974999995,34.204758467200001
330,4,117.179626885999994,34.205573567599998
331,4,117.179577856999998,34.206280237199998
332,4,117.179758542000002,34.204842733699998
333,4,117.178772629999997,34.203995417100003
334,0,117.178704784000004,34.203406270499997
335,4,117.177688302000007,34.204394656600002
336,4,117.178083448999999,34.203906353400001
337,4,117.177524341999998,34.203829739400000
338,4,117.177634631000004,34.204674806900002
339,4,117.179868455999994,34.204148496400002
340,4,117.179746046999995,34.202878378000001
341,4,117.180058360999993,34.203271243400003
342,4,117.182798500999994,34.198321286700001
343,4,117.181586357000000,34.198510087700001
344,4,117.181127333999996,34.198102416300003
345,4,117.182732133000002,34.197895861100001
346,4,117.182609223000000,34.197340572900004
347,4,117.181385617999993,34.197533205900001
348,4,117.183743112000002,34.197080130300002
349,4,117.184733852999997,34.198050097600003
350,4,117.183806316000002,34.198162164400003
351,4,117.183683807999998,34.197795978099997
352,0,117.167504596000001,34.189298642300002
353,4,117.167847514000002,34.188258063799999
354,4,117.166793573999996,34.188196889899999
355,4,117.166742565000007,34.187071584199998
356,4,117.168316379999993,34.186843697400001
357,4,117.169816159999996,34.188175957900000
358,4,117.169727839999993,34.189445586200002
359,4,117.169909176999994,34.190136953900002
360,4,117.172531196999998,34.186643178399997
361,4,117.171774123999995,34.190378757900000
362,4,117.171628544000001,34.189218500700001
363,4,117.172399777999999,34.188483392199998
364,4,117.171772539000003,34.187961459299999
365,4,117.174017524999996,34.190107360200003
366,4,117.172679431999995,34.189171309199999
367,4,117.173158853999993,34.189712954599997
368,4,117.173976612000004,34.187806472500000
369,4,117.174222514999997,34.189434292000001
370,4,117.171875796999998,34.190925380000003
371,4,117.172739742000005,34.190992932299999
372,4,117.173149574999997,34.190596621499999
373,4,117.174109025999996,34.190567559800002
374,4,117.175011417999997,34.190035180499997
375,4,117.177940993000007,34.189048100999997
376,4,117.177431552000002,34.190039982199998
377,4,117.175956358999997,34.190116525599997
378,4,117.178613388000002,34.189050525399999
379,4,117.178773114999998,34.189752820499997
380,4,117.175838779000003,34.189198488400002
381,4,117.176877048999998,34.188691627600001
382,4,117.175669591000002,34.187875298800002
383,4,117.176769816999993,34.186873034199998
384,4,117.186806970000006,34.198164251800002
385,4,117.187752192999994,34.198845579000000
386,4,117.189979479000002,34.198380013200001
387,4,117.189722721999999,34.197491914300002
388,4,117.189257935000001,34.196639317799999
389,4,117.188965769000006,34.195956997800003
390,4,117.187493497000006,34.196260391199999
391,4,117.187345125999997,34.197315483499999
392,4,117.185929764999997,34.196586565600001
393,4,117.186135817999997,34.197280949499998
394,4,117.187217007000001,34.194579054700000
395,4,117.186315342000000,34.193906458000001
396,4,117.185960311000002,34.193247051800000
397,4,117.185904315000002,34.192844128700003
398,4,117.184465587999995,34.192813861600001
399,4,117.184538011000001,34.193381054699998
400,4,117.140531769000006,34.202294330800001
401,2,117.141878968000000,34.202849777600001
402,4,117.145007500000006,34.202896304200003
403,4,117.147645179999998,34.199363597500003
404,4,117.145906851999996,34.201111424399997
405,4,117.144477515000005,34.201117078999999
406,4,117.142480966999997,34.201364512300003
407,4,117.147379607000005,34.196848000499998
408,4,117.150472854000000,34.195078302799999
409,4,117.149063931000001,34.197774931799998
410,0,117.144016053000001,34.183312713600003
411,0,117.144915982000001,34.184575636300004
412,0,117.145119304000005,34.185313100499997
413,0,117.146196558000000,34.185523629800002
414,0,117.146213658999997,34.184788958500000
415,0,117.142324035000001,34.180033025599997
416,0,117.144671809000002,34.179821643300002
417,0,117.144596023999995,34.178465201900003
418,0,117.147232892000005,34.179765199400002
419,0,117.152194976999994,34.181625669900001
420,0,117.129496208999996,34.187508345399998
421,0,117.128459966999998,34.187298218000002
422,0,117.127413054000002,34.187781126799997
423,0,117.129678712000000,34.188449002500001
424,0,117.130053985999993,34.189841341200001
425,0,117.128901032000002,34.190445543999999
426,0,117.128787650000007,34.191387351700001
427,0,117.129825010999994,34.192139752899998
428,0,117.129547950000003,34.193034506200000
429,0,117.130174814000000,34.193756090100003
430,0,117.131651958999996,34.193019624900003
431,0,117.131129278000003,34.192037805100000
432,0,117.130845575999999,34.191297159699999
433,0,117.133281749999995,34.192164694500001
434,0,117.133192467000001,34.190147460200002
435,0,117.131631639999995,34.189819982600000
436,0,117.131403003000003,34.188533062300003
437,0,117.132889860999995,34.187831920100002
438,0,117.133770479999995,34.187119210500001
439,0,117.135140131000000,34.187821829299999
440,0,117.134700592000002,34.188660682100000
441,0,117.136154740999999,34.190549299700002
442,0,117.135309194000001,34.192302984400001